0.000640281
3.71274e-05
0.0001043
0.0264699
0.00182667
0.0262422
0.00104387
0.000230338
0.000369137
0.000108734
0.000254369
9.49125e-05
0.000134797
0.000149702
0.000826381
0.00011816
0.000117124
0.000187995
5.05806e-05
4.63635e-07
4.63955e-05
9.56804e-07
1.36989e-06
0.000142652
2.40657e-06
1.62166e-06
4.54081e-06
0.000711529
3.03233e-06
0.000917701
5.90208e-06
1.00424e-05
3.05804e-06
4.49479e-05
4.63311e-05
1.37726e-06
0.000107012
1.6578e-05
0.000624964
0.000240355
1.76197e-06
0.000225899
9.65956e-05
0.0137425
0.000107411
0.034557
0.000228498
0.000482367
0.000109043
9.27723e-07
0.000338357
0.000716046
0.000261482
0.00135879
8.59779e-05
0.000173314
4.10237e-07
0.000872361
0.00145792
0.000307134
0.00165496
0.000410635
3.74803e-06
1.46659e-06
0.000406773
0.000590089
1.1167e-07
0.000284781
2.50822e-06
0.000536278
4.27441e-06
0.000259206
0.00117404
0.000555251
0.000441574
5.54386e-07
3.18918e-06
0.000198547
0.0198657
8.13211e-05
0.000545763
0.00202385
0.00117518
0.0277511
0.00311192
2.42662e-05
0.0385179
0.000213924
0.000361895
0.00052759
0.00222635
0.00174702
1.53513e-05
0.000507244
0.00188644
1.13469e-05
0.000202187
0.0228642
0.00419149
0.00113457
0.000231016
1.07811e-05
2.26183e-05
0.000490126
2.65404e-06
0.000622237
2.26971e-05
0.00099541
0.000722185
0.00377477
0.00115742
0.00253115
0.000409845
1.03788e-05
0.000918052
0.0200194
0.00256237
3.51359e-07
1.95841e-05
4.48285e-06
1.93391e-08
1.52555e-05
3.80106e-06
0.00540244
0.00123968
0.000728088
4.85619e-05
0.000214201
9.70516e-06
1.58151e-05
5.66985e-06
8.2745e-06
3.22128e-05
0.000474727
2.04927e-05
3.1109e-06
0.000329944
2.78655e-05
8.88241e-08
1.73607e-05
7.77303e-06
1.89564e-06
2.45502e-07
6.12559e-07
6.42329e-06
1.72144e-06
1.60226e-05
2.12005e-06
5.39945e-05
2.65427e-05
2.92039e-06
1.05497e-05
1.51401e-05
0.0189351
4.89155e-06
0.00333944
0.000697901
0.00417035
0.000568871
5.18378e-05
2.08804e-05
6.68818e-06
3.788e-07
9.55143e-06
3.70305e-06
2.30658e-05
2.42878e-05
2.35613e-05
5.78551e-05
6.29703e-05
1.47987e-05
1.55447e-05
0.000307037
1.83072e-05
0.000107747
0.0570313
2.02348e-05
0.0676067
0.00259975
0.000289641
4.76533e-05
4.70962e-05
0.000690086
0.000768123
0.000186085
0.000474099
1.86978e-06
0.000347585
0.000112276
3.20215e-06
0.000806995
0.00076732
0.000879239
0.0013375
0.00229859
1.64074e-05
4.65871e-05
0.0131299
2.08349e-05
0.000241493
5.65226e-05
0.000193956
4.39949e-05
0.000745923
5.15875e-05
0.000442634
1.85052e-05
0.0636279
0.00257531
0.0182626
0.025765
0.00105928
9.28072e-05
2.72633e-05
0.000587523
0.000127858
0.000135314
0.000104716
0.0113075
0.000114399
0.000337532
2.58943e-05
0.000102015
0.00012574
0.000151796
0.000979575
8.7506e-05
0.000295267
0.000175538
1.10595e-05
0.00120671
1.04345e-05
0.000264412
0.00101134
0.000146189
0.000374132
0.0121062
0.0310473
0.0019862
0.000898667
0.00980995
0.000131228
0.0038999
0.00282615
0.00209106
4.01385e-05
0.000430024
1.09534e-05
0.00201476
0.00178491
0.0546888
4.5036e-05
0.000677961
4.78177e-05
0.000169869
9.93254e-09
2.20837e-05
5.81458e-06
0.000118676
0.000156982
8.44645e-06
0.00408748
0.000452253
0.00319112
0.0281883
0.00137669
0.00406176
0.0817178
1.18696e-05
4.8764e-06
1.60837e-06
1.2409e-05
0.0141568
0.00379636
0.00261272
0.0840786
0.00531321
3.92614e-05
9.15171e-06
0.000995134
2.48876e-05
0.000201447
0.00203951
0.038217
0.0191574
5.67503e-05
1.54288e-05
9.28063e-06
7.78711e-06
0.00219018
0.00725213
0.0910043
0.00665111
0.00450454
0.0021408
0.00207143
0.000324751
8.60069e-06
1.75138e-05
0.000772718
0.0168932
0.0270961
0.000513947
0.000115953
6.74267e-06
3.20557e-07
0.000753731
0.0463496
2.56721e-06
6.90196e-06
0.000358814
3.67944e-07
5.28821e-09
7.93585e-07
2.23829e-05
6.11932e-05
2.31743e-05
0.000453909
0.000298685
5.96278e-07
2.03625e-06
4.74563e-05
9.36475e-06
3.08686e-05
0.0392201
0.000109214
0.000534632
0.00142982
0.000973075
0.0317458
1.18628e-05
0.000760535
0.00100992
6.27756e-05
0.00149244
1.0431e-06
2.89207e-06
2.82266e-06
1.73637e-05
6.75149e-09
0.000143173
3.81153e-07
0.000128611
0.000490421
2.53032e-06
0.00932168
2.25805e-06
3.6799e-07
8.90575e-06
2.28708e-06
7.76861e-07
0.000402433
6.24165e-07
2.93366e-05
5.95296e-06
2.71121e-06
2.10207e-05
0.000449189
0.000999784
3.71565e-05
5.48589e-06
1.61532e-05
1.89915e-07
9.95277e-06
2.18747e-06
9.06217e-05
0.00425623
0.0300949
0.0463094
0.0363019
0.0149164
0.000133656
4.67897e-05
5.09091e-06
0.000434884
0.018282
0.000151511
0.0746428
0.00694397
0.000614647
0.000526483
0.00152217
0.00340915
1.55734e-05
0.00236502
0.000335593
0.000904688
4.17859e-05
0.000929788
4.83948e-06
0.0290271
0.000163315
0.000212281
0.000896003
7.67961e-06
2.14901e-06
0.000342517
0.000472123
0.000582822
0.000718083
7.56455e-06
0.000460022
0.00984001
0.0217776
6.42214e-05
6.56358e-07
1.96318e-06
9.50291e-07
1.82855e-05
6.21248e-05
0.000270861
7.32655e-05
1.93479e-07
0.0013284
0.0401974
0.000450293
0.000163859
0.000389524
0.000868976
5.13763e-06
4.6073e-05
0.000328773
9.90673e-06
9.13097e-06
1.87806e-05
0.00115257
0.00757898
0.00269827
0.000421923
0.000362733
3.61262e-05
0.000524652
3.08921e-05
0.0804229
3.81545e-05
0.00115986
0.00116017
0.00819683
0.000759331
2.43616e-06
0.000227477
0.000804993
0.0418829
0.000303445
0.000482482
0.00034723
0.000266409
5.58999e-05
4.83797e-07
7.52284e-07
4.06863e-05
9.53854e-05
0.000113227
1.52403e-05
0.0302545
0.0317161
0.000359983
0.000338521
0.000650301
0.000353435
9.91632e-06
7.732e-06
1.50822e-06
5.34433e-06
0.00022311
0.0012037
0.0241115
0.000859256
0.00132638
0.00282202
0.000262243
0.02205
3.07721e-06
5.14183e-06
0.00118761
4.23818e-06
0.00096078
5.77546e-05
0.00150756
0.000683396
0.00127564
2.71195e-05
0.00358164
0.000564319
0.00110998
1.64534e-05
0.0004137
0.0160699
0.035895
0.0558822
0.000128789
0.000516681
2.94445e-06
0.000666893
0.027629
2.48533e-05
0.000345053
3.82308e-05
0.000116387
7.2085e-07
1.16432e-06
7.25089e-05
0.00724499
1.89513e-05
0.000156783
0.030259
2.30534e-05
0.00115256
0.000426178
2.52403e-06
1.69176e-06
1.53199e-08
3.59938e-06
6.78118e-07
5.144e-05
1.7997e-05
4.05473e-06
0.000324497
0.000352874
0.010622
0.000102191
0.000742473
0.0395602
3.58394e-05
0.000483273
2.74527e-06
0.00144771
0.000411419
0.00209896
0.0421248
0.000177016
0.000456145
0.000645302
0.000157301
0.0116126
0.013626
0.0371637
0.0370356
0.00157619
0.00163087
0.00356976
1.21754e-05
5.98129e-06
9.59269e-07
0.000426607
0.0151085
0.000140582
0.00823884
0.0550601
7.01978e-05
0.0241584
0.00224857
0.0170065
0.00116623
1.79672e-05
2.0444e-05
2.54857e-06
3.52133e-06
1.00125e-06
0.00243589
9.31982e-06
3.59063e-06
3.9998e-06
2.14193e-06
1.00838e-06
2.2268e-06
4.21188e-05
9.36838e-05
2.92036e-07
1.9552e-08
1.34723e-08
6.41757e-05
1.32041e-05
3.07834e-05
0.000627965
1.42993e-06
6.58972e-06
4.45584e-05
0.00716428
0.0306054
8.87619e-05
0.000793231
0.0234972
0.000640957
0.000706459
0.0688951
4.80986e-08
0.00300894
0.0056516
0.00192678
0.0210806
0.000194414
1.18045e-05
0.00051588
0.00129828
0.0312804
0.00201109
0.000119088
0.00429988
2.62759e-06
3.31243e-06
0.00145471
0.0231718
0.000317044
1.82513e-05
0.00288238
4.57651e-06
0.00302012
0.00120195
0.00268499
0.000522346
0.000388838
0.00254329
0.00092496
0.00164187
4.20874e-05
4.97891e-05
0.000779812
0.000211438
6.05052e-05
0.000884678
0.000211615
3.88364e-05
1.98703e-08
6.71283e-07
0.0013472
0.000216951
0.000503154
0.00379218
0.000309151
5.1879e-06
0.00022019
9.35443e-06
4.81516e-06
0.000243379
1.81398e-05
0.00249981
0.000118027
0.0686945
3.7386e-05
0.00052377
0.000561426
0.00331689
0.000301753
0.00086723
1.45487e-07
0.0030045
0.000301866
0.000384819
0.000435311
0.000303709
0.00033104
0.000326066
2.04544e-05
0.000569994
0.00052166
9.19335e-05
0.000140117
0.000167402
0.000316157
0.00034527
0.000207377
0.000337597
8.7698e-05
0.00173268
1.88085e-05
0.00122519
1.7047e-05
0.000605604
0.000506279
0.000931626
0.0335913
0.00417049
0.00288109
0.0195964
0.00323986
0.00534884
3.88083e-05
0.000107995
0.000371048
8.0842e-06
0.00917391
0.0266592
0.000978762
0.000671582
0.045336
0.00228654
0.00105711
0.000828826
0.000778168
7.25912e-05
0.000329851
2.69035e-05
0.000110264
0.000611489
0.0314236
5.32965e-06
0.00252922
0.0602601
2.09e-05
0.00023225
7.4038e-05
0.0319274
0.0400697
0.000343093
2.43653e-10
0.00035296
7.92163e-05
0.000491966
0.000306267
0.000655564
0.0328796
0.00218253
3.84081e-06
0.000127092
0.00307021
0.000480275
0.000544861
0.0860368
0.00109773
0.00727948
0.00033604
0.000333889
2.11564e-06
0.00519569
0.00418145
0.000113841
0.000338828
0.0659726
0.00179922
0.000628615
1.25165e-05
2.10413e-05
1.07166e-06
0.000749144
0.0010567
0.00219971
0.086859
0.0630721
3.52387e-06
0.022614
9.21344e-05
0.00118028
0.00105381
2.4203e-07
0.000312374
9.45447e-06
1.47316e-07
6.09268e-05
1.55514e-05
3.06397e-05
1.33883e-07
0.00192979
0.0913191
0.00198248
0.00925846
0.000151369
1.02239e-05
0.000251696
0.00344706
0.000330848
0.0338542
4.72904e-07
4.44386e-06
0.000195179
0.00159412
6.3051e-05
0.000456519
0.00126927
0.000561271
0.0149504
0.0070825
1.94027e-06
1.32899e-06
0.000983769
0.0559118
0.00263467
0.000353254
2.35866e-06
3.64399e-06
2.77604e-06
0.000366462
9.84248e-05
0.000826182
0.00178291
0.00182413
0.0324144
2.11059e-05
1.48982e-05
8.08109e-07
4.54275e-05
0.00306444
0.00200142
0.000456586
0.000433581
7.54832e-05
0.00476595
3.18069e-05
0.0290191
0.000225161
0.000563461
0.00109935
2.71597e-05
0.016311
0.00126142
7.75761e-05
0.000262175
0.00046913
0.00326606
3.76718e-06
3.31051e-07
0.000268735
7.3532e-06
1.23944e-05
1.92568e-05
0.000216236
0.000165166
0.000244313
0.00298914
0.000101856
0.00187484
4.59058e-05
0.00407127
0.000813961
0.000353764
0.000420744
2.48504e-06
4.29559e-06
2.01301e-05
1.43283e-05
8.49512e-07
9.49507e-07
1.57654e-05
6.47291e-06
5.04885e-06
6.97359e-06
0.00134207
1.10339e-06
0.00148211
6.64946e-08
0.000527122
9.6585e-06
0.00135939
0.000916188
4.91041e-06
0.0220503
0.0218339
0.00106724
0.000642029
0.00122194
0.00226961
0.0494667
0.00910023
0.000395883
0.0322558
0.00772763
0.0311293
0.00121551
6.78163e-06
2.3486e-05
1.78604e-05
0.000162093
3.52159e-07
1.97521e-06
3.52826e-05
8.8328e-05
0.000358217
7.04411e-06
1.8002e-05
2.079e-05
0.000105215
7.47857e-05
6.75028e-05
0.00445642
0.000544408
3.2584e-05
0.000293581
0.000300172
7.78955e-05
1.00745e-05
0.000112315
0.00119923
0.000338996
1.02243e-05
9.4091e-07
0.000451551
1.02502e-05
0.0171123
0.000941628
0.0393785
0.000278964
9.38059e-05
0.0020512
0.000140578
0.0250851
0.00118156
0.000560657
0.000291552
0.000474655
0.000157874
0.00125328
6.61844e-05
0.00040074
9.99932e-05
0.000424592
2.33932e-05
0.00837472
0.000176631
0.000240448
0.000100259
0.00026044
0.00118864
0.0766643
0.000990561
3.39259e-05
0.000690751
0.00036286
0.000427203
0.00077134
0.0483752
0.000275593
0.00253327
0.0133704
0.00170832
0.00197746
6.92079e-05
0.000422266
0.000312831
0.00289612
0.00518171
0.0118305
0.036691
0.00456998
0.000466157
0.000624822
4.82854e-05
5.15341e-06
0.0619419
0.000588335
9.59605e-05
0.000232669
2.63838e-05
0.00152751
0.087589
0.000492792
0.000176596
5.24505e-06
0.000113257
0.00484256
0.00145529
3.8543e-05
0.0020797
0.0265939
0.00562128
0.000483582
4.46478e-05
3.936e-06
0.00239531
7.27568e-05
0.000183569
3.17628e-06
0.000207081
8.34066e-06
3.88689e-06
0.000585187
0.00163582
0.0261261
0.00158393
0.000605111
0.000259326
9.81899e-05
0.000536448
0.0456122
0.00168465
0.0213171
0.00309478
0.0120923
0.0770869
0.00626762
2.80835e-06
1.28447e-06
0.000480457
7.27384e-06
0.0164135
0.000113645
0.000124912
2.41591e-06
2.72898e-05
2.18558e-06
9.48913e-06
2.62212e-06
1.05793e-05
3.48685e-07
0.00121911
0.00188961
2.06555e-05
0.000433215
0.000145413
0.0110275
0.00764764
0.001973
0.0141052
0.000211263
0.000614639
0.0233672
0.00169741
0.0545242
0.0028792
0.00104094
0.00192565
2.59225e-06
0.000745786
1.03243e-06
0.00862852
6.52852e-05
8.63645e-07
1.6011e-06
1.46238e-05
0.00162248
0.00175618
0.00223182
0.0473607
0.000969407
0.0910804
0.0020691
0.000165121
0.00177749
0.00141976
0.000662189
0.00420081
0.00701188
0.000290499
8.38805e-06
9.46139e-07
5.22731e-06
3.06327e-05
7.04622e-05
0.0398192
0.000145852
0.00753835
0.00027373
0.00249334
1.09024e-05
0.00141821
0.000532042
0.00309649
0.0147803
0.000369481
0.000261073
0.00377158
0.00178247
0.000511092
7.91173e-05
5.46641e-06
1.1391e-06
4.02929e-06
0.00233377
0.000328258
1.9212e-05
0.000725892
8.62885e-05
0.000115959
0.000503738
0.00154185
0.000575325
0.00141204
0.000705997
0.000200884
0.00561634
0.016108
3.4113e-06
1.01446e-06
3.37803e-06
7.75749e-05
0.00011393
0.00242038
0.00881965
0.0107402
4.1184e-06
0.000123357
2.75952e-05
0.000340026
5.8329e-05
3.11847e-05
4.27621e-06
9.77414e-07
0.0393416
0.00303778
0.00185561
0.000363436
1.37163e-05
5.38068e-06
2.0834e-05
1.60165e-07
0.00049521
0.00578951
0.0334423
0.00347493
0.0036147
0.000389984
0.000711799
0.0388209
0.00374176
0.000182869
4.52267e-07
2.15394e-05
6.14153e-07
8.03044e-06
0.000124099
0.000135144
8.90261e-06
0.022245
2.20861e-05
0.000769018
4.13683e-05
0.00144626
0.000367028
0.00240946
0.0217917
0.0265346
3.00913e-06
0.000511057
0.00348581
0.0285116
0.000426749
0.000288657
0.00308591
4.99545e-06
0.000923699
0.000257499
0.00243859
7.50366e-06
0.000293978
0.000771675
2.2183e-05
6.46597e-05
0.000199868
7.25228e-05
9.67723e-05
0.000272223
0.00143577
0.0416442
0.000881788
0.00012173
0.000556438
0.000678368
0.0190158
0.0100903
3.71735e-05
0.000462038
0.00462807
0.0214934
0.0473525
0.000233496
0.00109404
0.00192422
0.0278357
0.00375198
0.000414584
0.000765377
0.000505552
0.000109949
0.0211212
0.00865672
0.026387
0.00177497
0.000760603
0.00159972
0.000514369
0.000838489
2.47049e-05
0.0174955
0.0199271
0.012521
0.000468088
0.000380941
0.000384222
0.000231117
0.000973804
0.0139329
0.00330415
0.000533715
2.73536e-05
0.000275354
8.2259e-05
5.51449e-05
9.28624e-05
0.000197394
0.0170623
0.00879304
0.000806115
0.000474394
0.00186913
0.00844413
0.0817284
0.000573728
0.0122216
0.0015825
0.000915714
0.000211416
0.026878
0.00810793
0.0141456
3.59358e-05
8.49273e-05
0.00582364
0.0284729
0.00568479
0.0441239
0.0570018
0.000149728
0.00029412
3.8491e-06
0.0130936
3.93382e-05
2.64515e-05
0.0210788
6.49058e-05
0.000763284
0.000215126
6.29856e-05
2.93294e-05
2.79331e-05
0.00123548
0.000556879
0.000155529
0.0148187
5.12671e-05
0.0206669
0.00664787
0.0272382
0.000298274
0.00100577
0.0168196
0.00878994
5.09627e-05
7.31058e-05
7.51952e-06
0.000200235
0.00118104
0.00127567
0.00181047
0.000146293
3.75031e-05
0.00031858
2.34882e-06
0.0363225
0.0014085
0.00241744
0.0370507
0.000115296
2.08638e-07
0.000143215
0.000176292
0.00302268
1.3632e-05
0.0113927
0.000432169
0.0131061
5.47016e-05
0.0280918
0.0336058
3.15563e-06
0.0010403
0.000310846
0.00825262
0.00081817
0.00443157
5.24739e-05
0.000697618
0.000192695
0.000747008
0.0499265
0.000238273
0.00352967
0.00992803
0.00399033
2.77294e-06
3.87999e-06
4.72665e-06
0.000160797
0.00326138
0.000274231
9.65299e-07
1.89503e-06
4.3191e-06
0.000344761
6.26314e-05
1.40739e-05
0.000935026
0.00561327
0.014068
0.0145037
0.0288817
0.01369
0.00308758
0.000833388
0.00181674
5.50948e-05
5.67646e-05
1.68729e-06
2.90395e-06
0.00100371
0.00184958
0.00585032
0.00581859
0.0163468
0.0241064
0.000643244
0.000632687
0.000786869
0.000715999
0.000320345
0.000279898
9.35683e-06
0.000106968
0.034105
2.04757e-06
1.62392e-05
1.69309e-05
0.00268155
0.0356133
0.0093335
0.0020308
0.00249461
0.000531435
0.00108136
1.37568e-06
0.00348739
0.0343297
0.00165777
0.0023306
0.000859695
0.00791373
0.0109936
4.57281e-06
2.48059e-05
1.24065e-05
0.00385672
3.55689e-05
2.68471e-06
0.00339059
0.000825985
1.53367e-06
5.64951e-05
0.000108608
0.000100125
5.99635e-05
0.0239904
0.00736176
0.00048223
0.00339707
0.00077346
6.51715e-05
0.00697977
0.0218892
0.00564055
0.000258991
0.00244084
6.91447e-05
0.00692838
3.44362e-05
6.49662e-06
1.52103e-08
0.00455078
1.63076e-05
0.00144494
0.000412764
6.15478e-05
0.000428071
0.00173826
0.000619048
3.86454e-06
1.79275e-09
1.27832e-05
2.61414e-06
2.2461e-05
0.000532758
2.31266e-05
5.74079e-06
4.74101e-05
0.0109531
0.00511667
4.9168e-05
0.00186612
0.0210332
0.0195105
0.000913982
2.39833e-05
5.95445e-06
0.000163986
0.000287319
0.00368631
1.17887e-06
0.00147518
0.0346401
0.00403281
0.0337894
0.00523096
0.00123949
0.00290326
0.000571249
0.00311131
1.47787e-05
0.00152404
7.51504e-05
2.99797e-05
0.000344546
1.14085e-05
0.00092043
0.000465923
0.000254767
0.00163115
0.00179981
0.00015933
2.27901e-05
0.000784438
0.00398262
0.000980318
0.00167427
0.00787634
4.95806e-05
6.80146e-06
0.000499018
7.87112e-05
2.26136e-07
6.12187e-07
0.000411219
0.0293477
1.98306e-05
1.81913e-05
0.000497849
0.00101162
3.34328e-06
0.000216262
0.00126559
0.000260269
0.000199853
0.0218265
0.013066
0.0146278
0.00010927
0.0275069
0.0135092
0.00784726
0.000214429
0.00444007
0.0917413
0.000702769
0.0132501
0.00866176
0.0837343
3.50036e-05
0.00012937
0.000226397
0.000172039
0.00150356
1.26522e-06
1.36574e-06
0.0012121
0.000193784
0.00238973
0.00038466
0.000139783
0.00216747
0.000291332
0.00124738
0.000284282
0.00154236
0.00081201
0.000442362
0.000484876
0.000161971
9.28911e-05
4.17484e-05
0.000156068
5.53338e-06
1.72555e-05
0.000239512
0.000532048
0.00112001
0.000262217
0.00019436
0.000144441
0.0131179
0.000394366
0.0132466
0.0176919
0.000122195
8.50216e-05
0.00161095
4.89282e-06
0.00863494
0.000302134
0.00147202
0.000255221
0.000680149
3.52697e-06
0.003336
0.000134924
1.21718e-05
3.33366e-05
0.00035469
2.86066e-05
0.0103264
0.060685
0.00325176
0.0023417
0.0867405
0.0012807
0.000449278
0.000250901
0.030639
0.000604474
0.00129288
0.000132228
0.0200543
0.00492029
0.0212767
0.000712323
0.00535796
3.23353e-06
0.0419452
0.00016021
2.92147e-05
0.000459501
0.000513996
2.4371e-05
2.73027e-07
0.0566761
0.000746101
0.00249167
0.000877666
0.000970942
0.0104536
1.95712e-06
0.000589845
0.0213004
0.00344966
0.0149818
0.0375573
0.033749
0.00115551
0.000173774
0.0136912
0.00121673
0.0212121
0.000825464
0.00127237
0.00250299
1.52498e-06
2.4507e-06
2.10585e-06
0.00105818
0.00112983
0.0347079
0.000609408
0.000217655
0.00067573
0.0075302
0.000556304
6.26787e-07
0.0233837
7.95488e-05
1.09119e-05
5.25659e-06
3.54917e-06
2.03726e-06
0.00794994
0.0027903
0.00797842
0.00717487
0.0226077
0.000197837
0.00233757
0.000248839
0.0292976
0.000249598
0.000643197
0.000560249
4.94001e-06
0.000220469
0.0174524
0.0168954
2.93091e-05
0.00325382
0.00132549
4.28024e-05
1.92354e-06
9.18927e-06
2.89641e-05
3.82914e-06
0.000920748
0.0461376
0.000602047
2.6127e-05
0.00143103
3.77323e-05
0.000121791
0.000908744
0.00934747
0.00137014
0.00932387
0.000588806
0.0020287
0.000287732
0.000184482
0.00905683
0.0215722
0.000718162
0.0228954
0.000156742
0.0384352
0.0394913
0.001232
0.00346513
0.000158583
0.000500158
0.0270572
0.000465191
0.000468985
0.000656124
0.0312974
0.0034659
0.000286999
0.000558382
0.000158324
0.000273341
0.0235397
0.0114843
0.000391763
0.000449246
0.0330533
0.000143962
0.000122009
2.68958e-05
0.000344775
0.0074372
2.99e-05
0.00947462
0.00031141
0.018397
0.00513693
0.00017228
0.000920586
0.0164339
5.12248e-05
0.0190459
0.0490208
0.0793108
0.00840273
0.00269813
3.70669e-06
3.06498e-05
0.00011124
0.000544699
0.00428803
0.000218829
1.84262e-06
0.000123976
0.000148787
3.03663e-05
3.62587e-06
0.000133755
2.95793e-05
0.000103712
2.24732e-05
0.000964714
1.5563e-06
1.62969e-06
2.9201e-05
1.67284e-05
0.00906975
0.000225645
0.018042
1.58314e-05
0.000422701
0.00451555
0.000675115
0.000118006
4.47555e-05
0.00234931
6.0218e-05
0.000326144
2.3299e-06
0.0134923
0.00166531
0.0509349
0.00105187
0.0511562
0.00178377
4.00819e-05
1.65097e-05
0.00125206
0.000131494
0.000365497
0.000389175
0.000367851
7.70855e-05
0.00197921
0.0126005
0.0142264
0.00209383
0.0108679
0.00144456
0.00204583
0.000130323
8.42451e-06
4.77052e-05
0.00012021
0.00014616
0.000996807
0.00291757
0.000780592
0.0213492
0.00277295
0.00976091
0.00126648
0.01175
0.00424977
0.00316447
0.0627076
0.00431824
0.001114
0.0642935
8.70223e-05
0.000498374
0.0012802
0.0060378
0.000433887
0.00055328
0.000144985
0.000618652
0.000237485
0.040886
0.00966512
0.0215179
0.00945595
0.000395143
0.000235886
0.000520458
0.000103514
0.000756331
0.000147547
0.000715156
0.000783653
0.0203626
0.0158631
0.000411243
0.000229535
0.000870628
0.000171609
0.000716239
0.000176617
2.1651e-05
0.0147452
0.000339173
0.0544876
0.00102916
0.0160226
0.000133726
0.000137129
9.66928e-06
0.000658968
0.00145241
0.00255681
0.00708387
0.00132024
6.34652e-06
0.00268831
0.0111875
2.3371e-05
9.52994e-06
0.0221697
0.000400231
0.000398958
0.0375852
0.000217935
0.000640776
0.00170222
0.019715
9.10082e-05
1.74663e-05
2.50842e-05
0.00235699
0.000351874
0.000321727
4.51231e-06
6.15381e-05
0.000404639
1.70803e-06
0.00564632
0.000858969
1.72255e-05
0.000535624
0.00062979
0.00174234
1.82415e-05
0.000122718
7.11605e-06
0.0304005
0.0107655
0.000530404
0.0101206
0.0212038
8.51931e-05
0.000459259
0.0063703
0.000140191
0.000416884
1.65522e-06
0.0140826
0.017753
0.0188986
0.0150475
0.000178409
4.22957e-05
0.000106875
0.00022046
0.00107694
0.0115117
0.0190721
0.015846
9.52622e-05
0.00013518
0.000134451
0.0228397
0.0107284
0.000468844
0.000252971
0.00174582
0.0477578
2.55926e-06
1.06655e-05
9.96909e-05
3.14854e-05
0.0007238
0.000316582
0.028531
0.00496449
0.0297368
0.00043244
1.51755e-05
0.000381394
8.40176e-06
5.8244e-07
3.00541e-06
0.0331954
0.000385068
1.07134e-05
9.87588e-06
4.57966e-05
0.000284149
0.00250217
2.92052e-05
0.000202465
8.20138e-06
3.90333e-05
6.35035e-06
1.26894e-05
0.000846932
0.000807513
0.00116378
0.0446155
0.00495847
0.00566415
0.000743878
0.000109317
0.000576885
9.54341e-05
0.0117676
2.11169e-06
1.02744e-05
0.0013508
0.000153783
0.0330294
0.00138272
2.96916e-05
0.00141771
0.000564065
1.21511e-06
4.63784e-06
0.0023797
0.000470047
0.000102464
0.000577861
0.0267468
0.0374928
0.00165427
0.000252373
0.000228002
4.47078e-06
0.000716948
0.000920308
0.000392773
0.00285798
0.0670275
0.00256297
7.60125e-06
0.000443136
1.09112e-05
0.000533845
0.000353444
0.000993036
0.0196346
0.0123781
0.00967344
0.000197504
0.00851186
0.000878521
7.53873e-06
0.0013088
0.000203518
0.00361686
0.0365908
0.0217703
0.00068791
0.000142916
6.6912e-06
0.010788
0.000549738
0.000229603
0.00103435
0.0706706
0.0150795
0.00756502
0.000334926
0.000534465
2.86478e-06
0.000449916
0.000893201
0.00181551
0.0823118
0.00174043
0.018489
1.61164e-05
0.00346346
0.000965835
2.9867e-07
0.102454
0.00089503
0.0185776
0.0309514
0.00177277
0.00126245
0.00051023
6.26081e-06
1.49691e-05
5.69978e-06
0.0106317
0.00182158
0.0596607
0.00160484
0.00159031
0.02071
0.0368584
0.0211992
0.000700046
3.45312e-05
0.00200933
0.0131909
0.012621
0.0202643
0.000662545
0.00232482
0.00135924
8.21627e-05
0.00121388
2.91774e-05
0.000877553
0.000168148
0.00337538
0.00415805
0.0341895
0.00120195
0.000850788
0.0185401
0.019884
4.37006e-05
5.05904e-05
0.000521652
0.000367665
0.000104766
0.00074395
0.00028212
0.000363042
0.000245662
0.00483164
0.000221964
9.32024e-05
0.000868027
5.91176e-06
0.000486664
6.08928e-05
0.0234963
1.89333e-05
9.84344e-05
0.000234645
1.20812e-05
0.000631595
0.0130567
0.0115804
0.00187821
0.000565529
0.0241117
3.47512e-05
0.000897982
5.94507e-06
0.00135216
0.000348732
2.41222e-05
0.00295389
0.00640546
0.000964508
0.000274894
0.0045053
0.0933104
0.00678159
0.00097764
5.60736e-05
0.000522546
0.000257972
0.0175044
0.0114756
6.27054e-06
0.00139565
0.00108437
0.00096815
1.7577e-05
2.48892e-06
0.000414751
4.28646e-05
0.000560471
2.51725e-05
1.05359e-05
8.35038e-08
6.78818e-06
0.00129609
8.68674e-05
0.000727205
0.0244386
0.000404412
0.000503762
0.0025581
0.000364456
1.99626e-05
2.14819e-05
2.70083e-05
0.000700036
0.0042519
0.000905197
0.000406682
0.0571298
0.00106421
0.00154627
7.45972e-05
2.02989e-05
0.00246198
0.00065874
0.0394113
0.0337472
2.86269e-06
0.0147519
0.000704492
0.000376902
0.000756451
9.44316e-05
0.0112867
9.43007e-05
0.0221483
0.000453783
1.09657e-05
2.29234e-06
0.0289293
0.00595782
0.00372309
2.26998e-05
0.0449597
8.68098e-05
1.00451e-05
1.40752e-05
1.32254e-05
0.000190163
5.27932e-05
3.46442e-05
0.0261744
0.00819079
0.00813235
0.000270115
0.00556283
3.22864e-06
1.56159e-05
0.00107617
8.65286e-05
1.53501e-05
3.38282e-05
6.03322e-06
1.75419e-05
4.53329e-06
0.00010217
0.000467709
0.000153288
0.00100392
2.57646e-05
1.2386e-05
5.40715e-05
0.000721493
0.00216852
0.00103696
0.000209763
0.000573046
1.9607e-05
0.000533411
0.00084142
1.11253e-05
1.96828e-06
5.82149e-05
0.00576727
0.00114337
0.000210846
8.59938e-06
4.38458e-06
1.36217e-05
1.59791e-05
0.000780696
0.00259164
0.000149066
0.000315146
0.000697289
0.000291675
0.00086912
3.23451e-06
1.16324e-06
2.14872e-05
0.000346336
0.0010625
0.0591298
6.35573e-05
0.000236127
0.00100294
9.02242e-05
0.00082598
1.14472e-05
6.61597e-06
7.83043e-06
4.18264e-05
2.11994e-06
0.000884529
0.00138644
0.00201252
1.96473e-06
0.00234859
0.00155293
0.000306771
0.00524344
0.0044914
0.0366383
0.015593
0.00249986
0.0445854
0.00133084
0.000468022
1.9291e-05
0.00200967
2.49612e-07
4.16271e-07
0.000144713
6.95669e-06
0.000237298
0.00141575
0.00288222
0.000305091
0.000148935
1.99126e-05
4.34672e-07
7.98635e-06
1.60587e-05
0.0132626
1.07262e-06
1.41607e-05
0.000468539
9.95979e-07
0.000648341
0.00956837
6.32866e-05
0.000304999
9.0826e-06
0.000164913
0.000400824
7.4491e-06
0.029964
0.00397686
0.00295624
0.00102645
0.00153511
0.0551044
0.000579467
0.000645742
1.04436e-05
8.87971e-05
0.00193905
0.0132213
0.00783897
0.00959322
0.0173269
0.000773508
0.00640309
0.000228387
1.27167e-05
0.00102295
0.000464994
7.6666e-05
0.00111179
1.03457e-05
9.81758e-06
0.000653861
4.80129e-05
8.30329e-05
0.000257556
0.0877721
0.00207502
0.000525543
0.0015678
0.00411675
0.029899
0.0274199
7.67587e-05
0.000309446
0.000132068
0.00307615
0.00300061
0.00397522
0.00287528
0.038726
0.0249115
0.0354756
0.000316808
0.000804449
0.00106807
6.97056e-05
1.78789e-05
0.000186371
0.000563564
0.00226294
3.77326e-05
0.000156099
0.000708005
0.00158901
8.58579e-05
0.000333668
0.0589873
0.000279101
0.00988117
0.000102715
0.000217931
0.00257664
0.00116031
1.90658e-05
0.00573942
0.00469643
0.000110258
0.000139182
0.00308732
0.000266308
0.000512934
0.00250656
1.1774e-05
2.66486e-05
0.000250324
0.000136276
0.000106831
0.000261731
0.0415581
0.0479027
0.008174
9.32623e-06
0.0014857
0.037185
0.0128279
0.00893166
0.000626588
0.00169818
0.000209219
0.000140549
0.00175044
7.81083e-05
0.00276797
6.07549e-06
0.000486854
2.48824e-05
0.0501226
0.000413015
0.000463811
0.029942
4.2781e-05
0.000456831
0.00762412
0.00266283
0.00087166
0.000318423
0.000544364
0.000575678
0.0190307
0.000438568
0.000491629
0.00307142
0.000590892
0.0123986
0.0369453
2.11328e-05
0.000435773
0.000434678
8.00742e-05
0.000117961
0.0117809
0.0359824
7.00382e-05
0.000382801
0.00141194
0.000489126
4.9731e-05
0.00113194
0.00528815
0.000966962
2.97901e-05
3.21937e-06
4.81874e-05
0.000533612
0.000684072
0.012359
0.0198134
0.0132733
0.0024242
0.0036778
0.00333855
0.000893872
0.00177662
9.02724e-08
2.48308e-05
0.000117656
8.9492e-07
1.12595e-05
0.0339931
0.000550034
1.48428e-05
1.28089e-06
1.26732e-05
2.63259e-05
0.000558201
0.00110997
1.4039e-05
5.51412e-07
0.000484159
8.33288e-06
9.91302e-07
0.00065566
0.000173012
7.20689e-05
4.45412e-07
4.27548e-07
0.00650485
0.00112937
0.00559342
0.00013366
0.017222
0.00420444
0.00132171
0.0201194
5.48773e-06
0.000137701
9.27322e-06
3.16261e-07
0.0049833
0.000180003
0.00331367
1.48159e-05
0.000390476
0.00170075
0.0257205
1.54486e-06
4.79032e-06
0.0212772
0.00135319
5.54977e-07
4.82881e-07
0.0120443
0.000417741
0.00315466
0.00158235
0.000830217
1.34124e-07
8.94112e-07
4.30709e-06
0.000292981
1.34045e-05
0.00593017
0.000149462
0.00149482
0.021118
0.000527904
0.0030909
1.07739e-07
8.61577e-06
7.02509e-06
0.00317042
0.0146682
7.60978e-05
0.0557789
0.0218147
0.000175456
0.000604038
3.24841e-05
0.000358314
0.00316883
0.00127072
5.25626e-06
1.2488e-06
3.05289e-06
5.36919e-06
2.71724e-07
0.00101239
0.000198031
2.07317e-06
1.89605e-05
8.54371e-05
3.68782e-06
0.00432467
0.0254344
0.0581584
0.00128493
1.31038e-07
3.82376e-06
4.91453e-07
0.000173483
6.79484e-06
0.000674551
0.000628651
0.0512954
2.0146e-06
0.00153672
0.00163257
0.00117947
8.68471e-06
0.000149664
0.00646241
0.000540985
0.00025286
3.90382e-05
2.07381e-07
2.18147e-06
0.000722699
0.0164038
0.00011351
3.10317e-05
8.67707e-06
0.00037837
4.46856e-07
1.5938e-05
4.28485e-05
3.42474e-07
1.02158e-06
5.57848e-08
0.00127519
5.43552e-05
0.000232174
0.000335149
0.0624863
0.000223387
0.000740328
0.00978963
1.08884e-05
8.19068e-05
5.83373e-06
2.84818e-06
0.00121657
0.000579968
1.10539e-05
0.00204054
0.0340979
0.00371854
0.0012101
0.0271307
0.0102438
3.52329e-05
2.35552e-06
1.28626e-05
0.00133527
0.00123475
5.11389e-05
9.03019e-05
0.0276229
0.00015458
1.03912e-05
1.01223e-06
0.0482158
0.00935475
0.00120701
0.0031445
0.0012352
9.98887e-05
0.0017543
0.00231023
0.00846333
1.83445e-05
0.000441867
0.00129836
0.000305846
0.000566482
0.0118377
0.000211333
2.47847e-05
3.42393e-07
0.000788871
3.51845e-05
0.00293717
0.000377482
0.0297464
0.000555593
0.00101249
0.000659977
5.94792e-06
8.41095e-07
0.000133832
0.000933613
7.87061e-05
3.84948e-06
0.000373856
0.00138456
0.0393116
0.0110562
0.000313484
3.87605e-06
0.000213416
8.47121e-06
0.00177824
0.00294461
0.000363617
0.00112577
0.000560451
2.07102e-05
2.51548e-06
0.00376609
0.000111981
1.40073e-05
0.000432185
0.000494516
0.0039303
0.00433783
0.0506462
0.00822434
0.00149622
0.0162723
0.000723592
1.64367e-05
5.06511e-05
0.00746037
0.0836071
0.0455089
0.00312938
5.29886e-05
0.00060102
0.000495299
0.000473289
0.0016937
1.01346e-05
0.000165296
0.000775885
0.000628559
0.000213301
0.000287327
8.61783e-05
0.000164475
9.41901e-05
0.00170914
0.000559523
0.000300453
0.000421302
0.0450302
0.000523679
7.97737e-05
0.000454818
0.00131746
0.00620204
0.00179213
0.0480407
0.00376933
0.000993449
0.0341877
6.75437e-05
0.000165877
0.00132431
0.000421084
0.00134314
1.08947e-05
0.000457139
0.000174566
3.86716e-05
0.000143616
1.7712e-05
3.77054e-05
0.00171583
0.00177437
2.82273e-06
0.000128795
0.0001656
0.000270789
5.6235e-07
0.00288513
0.0547863
0.000369356
7.40804e-06
0.000139712
6.55186e-05
2.266e-05
3.12688e-06
0.00217325
2.5229e-05
0.00581806
2.17462e-05
4.61765e-05
0.000449972
0.0038913
0.000323918
7.87126e-06
1.96886e-06
5.59083e-06
0.000309817
8.48977e-06
0.000205881
0.0032216
0.0257147
5.12445e-07
3.9067e-09
0.0623198
0.00355886
0.000461178
0.00291993
0.00495778
8.86674e-06
1.12891e-06
3.93926e-06
0.000245881
0.00233323
3.72913e-05
0.0360002
5.00343e-05
5.08771e-05
2.20212e-05
0.00117038
0.00171751
0.00864889
0.000388298
5.05271e-07
0.000159462
0.00155104
0.000490375
0.00359383
0.00319917
0.00251442
0.0200784
0.000680874
0.0223716
0.000406664
7.06733e-05
0.000736593
2.64327e-06
0.000452503
3.47886e-05
5.18869e-05
0.00408625
0.00159931
5.28701e-06
0.000155633
0.000120338
9.51024e-05
0.00134934
0.000158244
0.00157637
0.000114452
0.00249755
3.20498e-05
0.0316504
7.68031e-07
0.0637009
3.67608e-07
2.58386e-09
1.34943e-06
0.000959306
0.000390286
6.38946e-07
1.25378e-08
7.27941e-07
5.26697e-06
6.12767e-06
4.12709e-08
1.023e-06
0.0140148
0.0475849
0.00708108
0.00649404
7.15328e-07
6.29803e-06
0.00220935
0.0235041
0.000902819
2.86457e-05
4.92721e-06
0.000257335
0.00364899
0.000687894
0.00232445
0.000379551
1.31196e-05
1.89067e-05
0.00334065
0.00187394
6.75776e-07
0.0125926
0.00263393
0.0784378
4.44831e-07
0.000286787
0.000115626
0.000264857
0.0010802
4.22948e-05
0.0011595
0.00901632
8.48894e-05
6.89357e-06
4.33878e-05
6.88666e-05
2.46396e-07
0.000188436
1.14875e-05
0.00026015
0.000496772
4.43985e-06
0.000707405
0.00127825
0.00516529
0.00279719
0.000127675
1.50862e-08
2.81152e-07
7.48583e-07
0.00153061
0.00163125
0.0375519
8.42808e-05
0.000381443
4.55696e-05
0.00450316
0.00752386
0.0108566
0.000110822
0.00140002
0.029685
0.00243368
7.87852e-05
8.47178e-07
0.00499458
0.00114814
0.00174766
4.25535e-06
0.053918
0.00401386
0.0110696
0.0084879
0.000832248
0.0294026
0.000216329
0.0418967
0.0039682
0.0197453
0.0252495
0.0434142
0.00984417
0.00101887
0.026451
0.0277258
4.68067e-05
0.000218757
0.0012417
0.00137297
0.00135357
0.000362986
0.000410181
9.5457e-06
0.00041415
0.000297274
0.00166641
0.0332185
0.000795409
0.0161161
9.17585e-06
0.0628492
0.00312354
0.00195575
3.99005e-05
0.000304671
0.000269821
0.000212345
0.0307082
0.0438303
0.0025927
0.0160867
0.000666212
0.00043045
5.38057e-05
0.000949229
0.0473463
0.00324142
0.000645773
1.31431e-05
6.52121e-05
0.000148203
0.00299733
1.01285e-05
4.74696e-07
3.6533e-05
0.000104164
1.61305e-06
0.000356131
0.000270415
0.0035911
0.000259915
0.000540937
4.47068e-07
6.59559e-06
0.00203057
3.19588e-06
1.03803e-07
0.000137754
0.000158343
5.3945e-07
1.18509e-05
5.67663e-05
0.00424557
0.060714
0.00101656
4.86701e-05
4.88049e-06
1.93653e-05
2.69212e-07
0.000329225
0.000127836
1.8962e-06
0.000237813
0.000859074
0.00051401
0.000513344
0.028942
0.00133681
6.25165e-06
9.25655e-05
0.00099283
0.0397852
0.000490206
0.000885638
2.96e-05
3.34809e-06
0.00166411
2.17771e-05
0.00071763
5.14534e-05
0.000281201
0.000116331
0.000517492
1.07919e-05
3.02991e-07
0.00569333
1.4238e-06
2.2945e-05
2.68873e-07
3.2104e-06
6.28921e-07
0.0195576
0.0516747
6.38986e-06
0.00279302
0.000128126
0.00245597
0.0513707
4.60613e-05
0.000145556
0.000753645
7.65766e-07
5.14446e-06
9.9452e-06
9.49332e-07
1.85712e-06
0.000205822
0.001097
0.00112996
1.06145e-05
9.14325e-07
1.99759e-06
1.27736e-06
0.0154614
0.023551
0.0130787
8.05313e-05
5.71115e-05
0.0144988
0.00706718
0.000534989
0.00231117
0.0205267
5.1163e-05
0.00395171
0.00245573
0.0139825
6.55371e-06
6.02045e-07
0.00197406
0.000358698
0.0116881
1.11347e-05
6.46753e-06
0.0551513
0.000241787
0.00010034
4.67633e-06
0.000557116
8.48119e-06
6.76645e-05
0.0024552
1.02797e-06
0.000155761
3.4246e-06
0.00216513
0.00218991
0.00273933
0.0506356
0.0017736
0.0161415
2.23982e-05
0.000566732
1.25313e-06
0.000118612
4.97133e-07
0.000138226
0.00255911
4.31305e-05
0.00157862
0.00144392
0.00236872
3.45182e-06
4.39258e-05
2.56287e-06
0.000259144
0.000187671
0.0204924
0.00847475
0.0194457
0.000987975
0.0482316
0.000385535
0.00103099
0.00416241
0.0260925
0.00456636
0.000161116
0.000388063
0.000455684
0.0004405
0.000593255
0.000213944
0.00037688
0.000145726
3.00242e-07
3.4621e-06
3.39934e-05
0.00437803
0.00170393
0.00474883
1.83594e-05
0.000262279
0.00053185
1.36953e-06
0.0519676
0.000664128
0.000390867
0.000109454
9.35983e-05
3.22755e-06
0.000228221
5.86962e-07
0.000116103
1.44374e-05
0.000166994
8.10483e-05
1.26958e-05
5.05182e-05
0.0227814
0.000221749
1.20716e-06
8.4418e-07
0.00038653
1.25706e-06
3.4652e-07
0.000197406
4.79165e-06
0.00039314
4.78766e-06
0.0451362
6.98724e-05
0.000547492
0.0373058
6.5453e-06
0.000384512
0.000247927
3.11882e-06
0.00115601
0.000208496
0.000889696
0.000233814
9.32716e-07
2.68181e-05
5.14021e-06
1.36675e-06
3.80925e-07
0.00453756
0.000102614
0.00516477
0.014846
1.03798e-06
0.000535001
0.00068689
4.57717e-07
0.00039694
0.000271662
0.019117
0.000330818
6.38482e-07
3.94022e-07
1.61738e-05
0.000302719
0.000440576
0.0480136
0.00130843
0.052794
2.23021e-06
0.00116417
1.68056e-07
1.04614e-06
0.0013963
2.84485e-06
0.000935668
5.123e-06
1.92623e-06
9.115e-07
0.000337935
2.049e-06
0.0022398
6.15486e-06
2.08471e-07
0.00191528
0.000955556
2.61065e-06
2.21146e-06
1.41411e-06
0.00111233
0.00051132
0.000210728
9.85208e-05
2.08459e-07
7.96261e-07
0.000204467
1.50505e-06
1.00473e-05
1.00012e-06
2.71066e-07
1.04951e-05
0.0011188
3.04537e-06
8.52811e-09
1.80624e-06
3.84721e-07
6.78828e-07
3.68233e-07
0.00396957
0.000440799
0.0105129
3.71994e-07
0.00366414
2.79146e-06
0.000579134
0.0125662
5.21513e-05
0.000253136
5.06389e-05
1.11088e-06
0.000611012
0.00302982
0.000361103
6.25504e-05
0.000118353
3.17142e-07
2.81754e-08
0.000970606
4.71351e-05
2.16774e-05
0.000361545
2.02822e-07
0.00212477
4.36765e-07
6.22082e-05
0.00153475
0.0505689
0.0340654
0.000584012
0.00208252
0.0338397
0.000450343
1.38717e-06
2.43331e-05
0.00490481
0.0684218
0.00113341
3.71823e-05
9.34726e-07
3.18134e-05
0.00036915
0.00044439
0.000357908
0.0232575
0.000122156
0.00525592
0.038636
0.000507226
0.000756287
0.0043284
0.000830032
0.0295683
0.000352792
0.013326
0.0112877
0.0590884
0.00314246
0.00135322
0.0585433
0.000560753
0.000616487
1.61411e-05
0.00133394
0.000250832
6.25674e-06
0.000347313
0.000529258
0.00141988
0.00041625
0.00068924
0.0538943
0.00136217
0.00158532
9.77782e-05
2.13112e-06
0.00122458
6.25418e-05
2.15577e-05
0.00218422
0.000592449
0.000299706
0.000605261
0.000530171
9.5919e-05
0.00191956
3.8602e-07
0.0027041
9.72183e-05
0.0013008
2.83464e-05
0.000484898
0.000343593
0.00123553
0.00188129
0.000658549
0.00128999
0.000466288
0.000226998
2.40927e-05
0.000162717
2.70551e-05
9.00721e-05
0.000899306
0.00209719
0.000319722
0.000965247
0.000623535
0.0332953
2.96727e-05
0.000754067
0.00455031
0.0383052
0.00322802
0.00427032
0.000182093
0.000158413
2.49492e-05
5.59783e-05
1.74816e-06
0.000500633
7.80457e-05
5.87804e-05
3.15151e-05
2.05564e-05
9.99501e-06
0.00213586
0.00111133
2.2849e-05
0.000634808
0.00012725
5.88283e-06
0.000728324
0.00031905
1.36695e-05
5.23169e-05
8.49189e-05
4.44896e-06
8.69496e-07
3.85841e-06
0.000342681
0.000410999
3.40619e-05
1.0207e-05
6.53534e-06
6.52831e-06
4.66513e-05
1.88777e-05
2.49323e-06
6.07006e-06
5.09185e-06
0.000286583
0.000879694
4.60859e-05
1.09048e-07
9.6625e-06
4.95705e-05
0.00106119
0.00244888
0.000144052
1.82123e-05
9.28975e-07
7.68272e-06
6.05777e-07
6.5353e-06
4.44376e-05
3.33981e-05
2.02709e-05
5.01325e-06
2.59385e-06
8.44878e-06
1.99613e-07
0.0010687
6.01845e-05
0.00509074
2.9116e-06
3.5799e-07
7.58409e-06
3.09497e-06
1.67655e-05
0.000353509
0.00679626
0.0352307
0.0269722
0.0105477
0.000330126
0.00886751
0.00118182
0.000369331
3.76212e-05
3.27723e-07
0.000554848
0.0485576
0.03206
0.0015609
0.00297866
1.28647e-05
0.00107091
0.00202387
0.00209285
1.66961e-05
0.000857712
1.7805e-05
0.000917421
2.58994e-05
0.00871848
8.3062e-06
0.000566325
0.00147582
6.16899e-06
1.51231e-05
0.00101265
0.0336301
0.000117678
0.000968059
7.12558e-05
3.15285e-05
0.00160698
0.00177496
2.60916e-05
0.00160254
0.000127935
0.000180667
0.000403163
0.0015778
2.33771e-05
0.00245611
0.00151781
1.92513e-06
0.000827967
0.000358936
4.39395e-05
0.00030342
0.000165827
6.67744e-05
0.000485823
0.000149927
0.00199811
0.00143653
0.00351536
0.00059807
0.000272285
0.00065605
0.0104556
0.00204811
4.92497e-05
0.000242205
0.00243552
0.00141705
1.07158e-05
8.59836e-05
1.83513e-05
0.000156754
0.00010391
0.00206302
0.00119785
5.60506e-06
0.000144801
0.000928471
0.00122895
0.0436383
8.44779e-06
1.10952e-05
0.00275396
4.59726e-06
0.000178552
8.02017e-06
7.03183e-07
1.57124e-05
0.0025278
0.00515146
7.64164e-05
0.000582085
9.81226e-05
5.54008e-06
6.16952e-05
5.09199e-05
8.29735e-06
5.21633e-06
2.72695e-06
0.000192888
1.7697e-06
0.000678272
6.79509e-06
3.59892e-05
4.25015e-06
3.78996e-06
1.43448e-06
9.55275e-06
7.53746e-06
0.000238489
3.47156e-06
1.34469e-05
0.000136568
2.21139e-06
0.000149216
3.75829e-06
0.000226526
1.58048e-05
0.000532638
6.7891e-05
0.00019576
0.000695867
0.00304882
0.0502942
0.00222641
0.000795919
8.15285e-05
9.66774e-06
1.9353e-05
0.000185971
0.000534649
0.000642645
0.000386447
0.00045329
0.000806633
7.32988e-06
2.43794e-05
0.000407452
2.09672e-05
0.000113894
0.000112573
0.000115825
1.12236e-05
1.09438e-05
7.89449e-05
3.8829e-05
1.72838e-07
1.46508e-06
1.74133e-07
0.000464765
8.05429e-06
2.61803e-06
1.33027e-06
0.00153635
0.000377219
0.000507409
0.00026292
1.60592e-05
0.000316334
0.00169598
0.00133447
0.000407361
0.000194017
0.000202722
0.000430486
0.00165234
0.00112818
0.000542738
0.000267273
0.000649835
5.91449e-06
6.13414e-05
2.23269e-06
5.84783e-06
0.000341837
0.000722526
0.000509305
0.000260818
4.63527e-06
2.3052e-06
0.0363466
0.0540534
1.22385e-05
8.58789e-05
0.00052834
0.0187809
5.53454e-05
0.000679371
0.000129159
3.18891e-06
5.96603e-05
0.00324876
0.00491516
7.33177e-07
8.59849e-06
4.78704e-05
2.78528e-06
5.70473e-05
0.00113942
0.0755823
0.00388599
0.000163842
0.0199333
0.00216942
1.42372e-06
5.57081e-06
2.1815e-06
2.01991e-07
8.63246e-06
1.10818e-05
2.73374e-05
4.45946e-05
8.59814e-05
3.12412e-06
0.00257755
0.0169265
0.0028561
3.18054e-07
4.41163e-05
4.80353e-05
0.00121532
2.39561e-05
2.41263e-05
5.22272e-07
0.000938531
4.1068e-06
0.0035139
6.67639e-05
0.0321566
0.00115765
8.52155e-05
0.000762085
1.05393e-05
0.00127284
0.000442623
0.000148491
0.000442647
0.000605741
4.67729e-06
1.68652e-05
0.00294908
0.000327687
4.66341e-05
2.65334e-05
0.00414095
0.00126064
0.000228043
3.56162e-06
2.99249e-06
4.77427e-05
0.00100586
0.000757755
0.000235789
6.13001e-05
0.000341462
5.47998e-05
7.52252e-05
0.000559095
5.63869e-05
0.00065801
9.43884e-05
0.000307561
0.000340408
0.00349344
0.000109729
0.00461046
0.000801914
0.0244221
0.000378164
0.00112259
2.93789e-06
0.000193376
5.95467e-06
0.000543427
0.0348892
0.000499203
0.000133079
2.95493e-07
0.00426318
0.00120895
0.000381037
7.47465e-06
7.62659e-05
4.84945e-06
1.12362e-06
7.18054e-05
0.00216204
0.0085837
3.07284e-05
0.00219781
0.00724175
2.29995e-07
0.000856368
1.48267e-05
0.00018725
0.000405319
2.81568e-07
1.16225e-05
0.000538765
1.11448e-06
1.35826e-06
8.09648e-06
0.000264033
3.77707e-06
0.000686556
4.88973e-05
1.03799e-06
5.54768e-06
0.000549376
3.03759e-05
0.00147696
5.5465e-06
1.51026e-06
3.93548e-07
6.02968e-07
1.06703e-05
3.01913e-06
3.91672e-06
8.46988e-06
0.0285731
0.00246586
0.000389908
3.47354e-06
5.26427e-06
0.000558825
0.00107508
4.97299e-05
0.00127409
3.75596e-08
1.72993e-05
0.000987248
6.99409e-05
9.36985e-06
0.0197052
3.48625e-05
9.96758e-07
0.0224325
0.000939519
0.00095052
0.00124493
2.63557e-05
0.00104336
1.65989e-05
0.00109282
3.42718e-05
3.03733e-05
0.000157646
0.000913846
0.0515506
0.000307717
0.000749113
0.00127104
1.1193e-06
2.40232e-06
0.000400862
8.10834e-05
0.000285842
0.000506287
3.95332e-05
1.27803e-06
5.34982e-06
0.000498654
0.000584416
0.000838217
0.000463816
0.00120904
0.00391585
0.0777102
1.41172e-05
2.45811e-06
0.000687957
0.000266672
0.0002828
6.09014e-05
0.00144923
0.00150898
0.00170218
8.67122e-06
1.38089e-05
0.00780898
0.00825808
0.000377316
0.000285606
0.000368664
0.00543784
0.00207451
0.00720748
0.0351086
0.00222056
0.00148895
0.0022194
0.0453765
1.07555e-05
0.0282312
0.000197076
0.0555738
0.000740275
4.53579e-06
1.06188e-05
2.02976e-06
1.74764e-05
0.00728816
8.65816e-05
0.00224731
0.000129848
3.91397e-07
9.42365e-06
0.00039859
7.49283e-06
9.65386e-07
4.70885e-05
0.0127605
0.0405799
0.0321162
2.1016e-05
0.000176847
2.0665e-05
3.30827e-06
6.16002e-05
0.000174668
0.000123871
1.54153e-06
1.78413e-06
1.21621e-06
2.22727e-05
0.0200014
3.21283e-06
8.6623e-07
2.45348e-07
7.67648e-07
0.0140811
0.0359656
0.00358704
0.00323103
0.000232571
0.00109872
4.82326e-05
0.000176442
0.0365535
0.0124711
0.00208145
0.000525933
0.00013247
0.00123005
0.000740548
0.0228434
0.000407621
0.000107615
0.00131402
0.000608632
6.19751e-06
1.25755e-06
4.30604e-05
4.23877e-05
0.000918706
0.000446172
1.91053e-08
0.00196121
0.00323022
3.01532e-05
0.00262735
0.000187233
0.00049076
4.03599e-05
0.0902596
0.00230852
0.00208582
3.53731e-05
0.00297283
2.57774e-06
3.07583e-05
7.92003e-05
3.76003e-05
2.53839e-07
0.000110908
4.56053e-05
0.045299
0.000112611
7.35741e-08
3.80467e-05
0.000379767
0.000158237
0.00101357
0.00315998
0.000197603
4.46031e-06
0.033378
0.000402218
1.4522e-05
0.000246528
7.74382e-05
6.63445e-05
0.000122373
0.000309745
0.000456036
0.0300509
0.00406595
0.000720923
0.0262879
0.00241264
0.000111168
0.00295659
0.000285898
2.22104e-06
0.0533478
0.00174435
5.49311e-05
4.53758e-05
0.000127961
0.000298986
0.000246575
0.00278293
0.006749
0.0036697
0.00180139
2.03359e-05
0.00213479
0.0276439
0.0275415
1.21467e-05
0.00178496
2.60075e-06
1.75077e-07
1.68945e-05
2.83712e-08
5.13475e-05
0.0442183
0.000326929
0.03355
4.14923e-05
0.0708729
0.000100311
0.000380874
0.0737818
0.00084025
0.000811214
9.49167e-05
9.49896e-07
8.38905e-07
0.000604418
0.00222991
0.000137311
0.000236966
0.00070505
0.000651197
5.00334e-06
0.031865
0.00479562
0.0343986
0.00280119
0.0101663
0.00041726
0.000118603
4.96531e-05
0.00310701
3.10768e-06
0.000291239
5.07767e-06
6.66529e-06
1.98654e-07
0.00630825
0.000338663
0.000429525
0.00110348
7.06436e-07
7.13625e-07
4.96578e-06
2.39032e-06
7.87097e-07
1.84745e-07
8.98331e-07
0.00171647
0.00380289
0.0649083
0.00281975
5.50842e-07
3.94065e-07
1.29396e-06
6.53468e-06
1.15133e-05
0.00168056
0.000299149
5.01792e-05
0.000961442
0.000298303
8.80173e-07
1.26887e-07
3.94404e-06
2.55736e-05
0.000428819
6.19497e-05
0.0130437
0.00130709
0.000884666
0.00032621
1.36565e-05
0.000401378
1.08636e-06
0.00347378
0.00156582
0.00313069
0.00224944
6.41377e-05
0.0675655
0.000327039
0.00584373
0.000360946
0.00164924
0.00746787
3.89323e-07
6.88019e-06
0.00663972
0.0341348
0.0375664
0.000125547
0.000171142
0.0136392
0.00014243
4.87429e-07
4.7401e-06
3.21133e-06
5.76841e-08
0.0394997
0.00166076
0.0379547
0.00068594
0.000800714
0.000385845
0.000212923
0.00512708
0.011837
0.00232922
0.0243477
3.18729e-05
0.00101984
0.0295935
0.00172432
0.000495968
0.0001491
0.00195998
7.32852e-05
0.000648199
0.000844371
0.00195809
0.000662677
0.00181413
0.0440556
0.0136342
7.61507e-06
0.000181868
0.00061954
0.000429168
0.00133254
0.0429983
0.00133623
0.000226618
0.000316982
1.10673e-06
0.000226705
0.0230135
0.000989539
0.000315578
0.000660891
0.000998107
0.0339382
0.000455089
0.00227683
0.00564972
3.41731e-06
0.000113429
5.85455e-06
1.20672e-05
0.00016287
0.0400504
0.000123386
1.20836e-05
4.64685e-07
0.00012476
0.00985328
0.000163522
8.75651e-06
0.00111613
8.81146e-05
0.000724015
0.00110221
0.00047671
0.00407288
0.000690732
1.0304e-06
0.000679156
2.5072e-07
1.59396e-07
3.00075e-07
0.00119402
0.0608129
0.00187998
0.00250123
1.20648e-05
1.31686e-05
1.10173e-06
9.69941e-05
0.00469575
0.026675
2.68089e-05
0.00263606
0.0266918
0.00153201
0.00630909
0.00141219
9.06278e-07
0.00237297
0.000923385
0.00117275
1.24656e-05
0.0161109
5.56365e-05
0.00211783
0.000680002
5.83271e-07
2.08533e-06
1.21371e-05
7.38809e-05
0.000883916
4.12834e-06
1.76553e-07
1.61554e-07
0.00919342
0.0287296
1.70583e-07
0.000266938
0.00418218
0.00255114
0.000273736
8.66203e-06
4.75529e-05
3.16069e-06
0.00138407
4.24134e-07
4.35606e-06
4.84898e-06
4.61506e-08
0.000937773
0.0382171
0.0312186
0.0011638
0.00025296
6.55152e-05
0.00255361
0.00618765
2.32792e-05
8.78064e-06
0.00399593
4.1272e-05
0.000354367
5.37875e-06
0.000115457
0.00491225
0.0313635
0.0226983
0.0211593
5.35754e-05
0.00217045
8.35687e-07
6.48823e-06
0.000238877
4.21323e-06
0.00162266
1.45403e-05
1.70259e-05
2.12613e-06
7.38745e-05
0.000103143
0.00551855
0.00195577
2.28463e-06
2.50051e-06
0.00185121
1.45715e-05
0.000484786
0.00114464
2.61804e-05
0.00351334
0.000140905
0.0178628
0.00224021
3.28159e-05
8.48005e-05
0.00104661
0.000717189
0.00485914
2.53439e-06
6.69146e-05
0.000189489
0.000258643
0.0156507
0.000973287
0.000472078
0.00103029
0.000742181
0.0416447
0.000818684
0.000238646
0.000269219
1.74292e-07
0.00025612
0.00213691
0.00200708
1.578e-05
0.00215797
0.000464141
0.000221182
0.000271034
0.000162139
0.0218459
0.00397791
0.000765568
0.000958621
1.98682e-05
0.0132544
0.0249069
0.00878967
0.0423233
0.000585532
4.69484e-06
0.00174435
0.0032446
0.000103331
2.20621e-05
0.00812253
0.00221898
0.000228392
0.000108788
0.00455367
0.0155142
0.0218727
0.000104631
0.000182759
1.0251e-05
0.00128037
1.49811e-05
0.00112826
0.0126717
0.00167514
1.28457e-05
0.00132697
0.00461446
0.000253205
1.89044e-05
2.059e-05
1.73196e-05
0.0385523
0.00215663
0.00101329
0.0276834
0.00156248
0.000765989
0.00148401
0.00115241
0.0555052
0.00767426
0.00198493
0.000322103
0.000339307
2.96344e-07
0.000187796
0.0354878
0.028574
0.000394614
2.48311e-06
0.000368592
3.97668e-06
0.0444325
1.11407e-05
0.0120631
0.000639357
4.01047e-05
0.000475033
1.22356e-05
0.00670022
0.0704192
0.00256302
0.000462688
0.00350133
0.000737656
4.22395e-06
5.04589e-06
2.92873e-06
0.000126464
1.55463e-06
0.000413964
0.0185473
1.51628e-05
0.000219054
0.00496395
0.00592564
0.0134341
0.000129093
1.71929e-05
0.0155226
0.00562111
0.000997995
0.0002009
0.00439914
0.0107278
0.0703039
0.000578515
0.000824949
0.0144076
0.00621455
7.47645e-06
1.14424e-06
0.0256596
2.63634e-06
4.85039e-06
2.58798e-06
0.000361801
0.0323863
0.000566996
0.000133149
0.0432514
0.000923797
0.00176141
0.00221024
0.0225015
2.87277e-06
0.00726642
4.27884e-06
2.19922e-05
0.0233057
0.000104693
2.72904e-05
1.47082e-05
6.57748e-08
0.0011109
6.76364e-05
2.28925e-05
0.00684393
5.15987e-06
3.12072e-05
0.000329535
0.00195019
0.0356887
3.06139e-05
0.0027511
5.28388e-06
6.68212e-05
4.84555e-06
1.07138e-05
2.09279e-06
1.67032e-06
2.08001e-05
3.68519e-05
0.000793161
0.00184872
0.036338
0.000790877
0.0013437
7.94955e-06
0.00246011
0.00380017
0.000594392
0.00360976
4.4371e-06
4.94946e-06
4.2889e-05
0.00686735
0.00442616
7.82662e-05
0.000952762
0.0222686
0.00121279
0.000111979
4.46511e-05
0.00649186
0.000420265
1.00203e-06
0.0153599
0.000460364
6.27912e-07
6.54042e-05
0.000265951
0.000106623
4.40242e-07
3.88998e-05
0.0161587
0.000861927
0.00161391
8.67963e-06
5.77467e-05
0.000583747
4.84824e-05
0.000739742
0.0442005
0.00999226
0.000107573
3.55266e-05
0.0186307
0.00128154
0.0267939
5.44716e-05
0.00280981
0.000700978
7.43073e-05
1.9918e-05
0.000534974
8.23908e-05
0.0177575
0.000283496
0.000123957
0.00248557
0.0185974
4.76209e-05
1.78227e-05
0.000195933
2.4905e-06
0.000150605
0.000238291
1.16039e-05
0.000401182
0.0331216
4.22742e-05
4.5139e-05
0.000832003
0.0023011
0.0178726
0.00397682
0.0156237
0.0111354
0.00264135
0.00150947
0.00322727
0.0147878
8.186e-07
0.0324689
0.00245022
0.000562903
8.314e-05
0.019363
0.011871
0.00779971
0.0116134
0.00167471
0.0484886
0.00217994
8.57352e-05
0.00549264
0.0475134
8.64402e-05
2.59036e-06
0.000125144
0.000250028
0.010353
0.00132133
0.00144493
0.000874869
0.010994
0.0122683
0.00729811
0.000167306
0.000267742
0.0315437
0.00323764
0.00147603
7.15219e-06
0.000732515
0.000764781
0.0004705
0.00106842
0.000521246
2.31075e-05
4.32419e-05
1.31118e-05
0.0261247
0.0111349
0.0202204
0.00416627
3.21609e-05
0.0053292
0.00568447
0.00014529
0.000924213
0.00016922
1.21987e-06
2.76673e-05
0.00175822
0.00254684
0.000941528
1.39743e-07
0.000552859
1.25099e-06
0.000409229
0.000897746
0.014154
0.00912187
0.0262038
0.000536687
0.000689296
0.00109653
2.09772e-06
0.000839099
0.00107039
0.00369004
0.000173921
0.000135476
0.00308567
1.52378e-05
3.54344e-05
0.000997445
0.00143272
0.0183262
0.0370431
0.0253957
0.000817768
0.00404075
0.000417636
5.29928e-05
0.00194417
0.0004394
0.000527723
2.39898e-05
0.000842278
0.00295048
2.25533e-05
0.0553611
0.000879601
0.0536552
4.89065e-05
0.000334381
0.000450237
0.0234894
2.23391e-05
0.000267387
0.0140572
0.0170105
2.38625e-06
1.08472e-06
8.89621e-05
2.52775e-05
0.000197492
0.0132408
0.0776387
0.000439023
0.000880558
0.000135988
0.00374004
0.0368629
1.94915e-07
0.00144971
0.000751141
0.000160265
0.00385045
6.536e-05
0.000932902
0.000537942
0.00207113
1.8113e-06
0.027813
0.000113784
0.00130508
0.00492261
0.0209579
0.0213263
0.0377167
0.0340791
0.0302633
0.00411054
0.00463109
0.000886303
0.000216395
0.00049214
0.000109365
0.013726
0.0369037
0.00687054
0.000148039
0.000122238
5.42054e-05
0.0307198
0.000148907
0.000405949
0.000800283
7.40683e-05
0.000228013
0.000256509
0.000178371
0.00721456
0.00119996
0.000497916
0.00251627
0.000818771
0.0182645
2.69487e-05
0.000174396
0.00141769
3.32855e-05
0.0022728
7.10579e-06
5.35782e-05
0.000126603
1.77597e-05
0.000875053
6.41671e-05
9.50444e-05
2.17479e-05
1.20531e-06
0.0350749
2.90845e-05
2.48907e-05
0.000181883
1.51368e-05
2.19298e-05
0.000499242
0.000105161
0.0128831
0.00223514
0.000446874
4.79977e-05
0.00342827
0.0266194
0.0265878
0.00476829
0.000581059
0.0245905
0.000233041
0.0311634
0.00162477
3.69649e-06
0.00961799
0.000675542
6.29519e-08
0.0247235
0.00165818
8.52656e-05
0.000270307
3.13678e-06
0.000116986
2.71061e-05
2.04849e-05
0.000648185
2.59442e-06
1.94186e-05
4.4758e-07
0.00887691
0.0473184
0.00104185
1.54301e-06
3.43826e-06
0.0010432
0.0217214
0.000124584
2.93559e-05
0.000877904
0.000846782
4.82125e-06
0.00254718
0.00116693
0.0263336
0.00904569
0.000252415
0.000207185
2.68679e-07
0.000439088
0.00423955
0.000426269
0.000121607
0.00103822
1.21539e-06
0.000626456
8.42628e-06
3.72183e-05
0.00177505
0.000136312
0.008369
0.000194895
6.10658e-06
0.0035449
9.75043e-07
0.000459814
2.05923e-05
1.79541e-05
0.00203561
0.00160646
0.000655149
0.0140509
0.0109401
0.000274788
5.07775e-05
0.0229697
0.000180206
7.00838e-07
2.09154e-06
5.09621e-06
0.0235808
4.25213e-05
7.47161e-06
0.001747
7.53143e-06
5.7846e-05
0.00438001
0.00488798
0.00326855
0.0256078
0.000453829
0.00248369
0.0833618
0.000320396
0.000109486
7.79328e-05
0.00606773
0.00315171
0.0354315
0.00333567
0.00889308
0.00114079
5.07163e-05
7.27684e-05
0.0771971
0.000382949
0.00335419
3.24148e-05
0.0323147
0.000102524
0.0199197
0.000682996
0.025971
0.00104365
0.00212248
5.05928e-06
0.000193826
0.0124688
0.0259496
0.00984378
0.0336394
0.000382947
0.022712
0.000617268
2.40103e-06
0.0107067
0.0154433
0.0150362
0.00966363
0.0502531
0.000503747
0.000794833
0.0123067
0.0196437
0.0140451
0.000513104
0.000883395
0.00449504
0.000282699
0.0201247
2.66586e-05
7.3209e-05
0.000542449
0.0034778
0.00106098
8.97061e-06
0.00149761
0.000460141
0.0145446
0.00964218
0.0136771
0.00130348
0.000218249
6.48965e-05
4.96251e-05
0.000920101
0.000426685
0.0209039
0.0290311
0.00131346
0.000960725
0.000241305
0.000119067
0.000196705
0.0120875
0.00143826
0.0199597
1.5483e-06
0.00446514
0.000541632
0.000763561
2.63186e-05
4.22087e-05
0.00259441
0.00148784
2.27605e-05
3.65831e-05
0.00232859
0.000752143
0.00743282
0.000547083
4.13531e-05
9.4579e-05
1.05043e-05
0.000439468
0.00529427
0.00327857
4.77447e-05
0.000218577
0.000394372
0.000256014
6.60292e-06
2.26914e-05
3.6735e-05
6.64914e-06
8.84047e-06
0.0260541
0.00714401
0.0124938
4.51421e-05
0.0131564
0.000378041
0.000144967
0.0555275
0.000909413
0.016979
0.000480945
0.0387143
0.000764543
3.95041e-06
1.54248e-05
3.469e-06
0.0135816
0.00104535
8.83967e-07
5.09348e-06
1.20076e-05
1.58933e-06
0.0284494
0.00722939
0.0637133
6.39226e-07
7.9916e-07
0.0271633
0.0419937
0.0141964
0.000419515
0.00184743
0.0271929
0.000124724
0.000269866
0.0142758
0.000128842
6.66626e-05
4.82288e-05
4.55259e-05
0.00433075
9.59244e-06
9.73442e-06
0.000459489
9.35686e-06
6.80508e-06
0.00507113
0.000676041
0.000212765
2.06162e-05
9.51601e-06
2.68972e-05
0.003863
0.000500633
0.0221133
0.000229536
2.04324e-06
2.94703e-05
1.97716e-05
0.00015666
4.82586e-08
0.00381978
1.72837e-05
0.000204634
2.50713e-06
2.07156e-06
1.19603e-05
0.0069319
0.000132037
0.000949998
0.00321111
0.00193254
0.0306921
0.0221082
3.95471e-05
0.0456825
0.00362378
0.0010311
1.13036e-05
0.00170871
0.00113145
0.00121037
0.00631164
9.96517e-06
2.83811e-06
0.000412629
0.0548142
0.00208938
0.0133401
0.0411826
0.0573033
0.0321612
0.000155116
0.000137542
0.00123469
2.49538e-06
0.000591528
0.0118121
0.0201108
0.00629019
0.000223667
0.00176348
1.41207e-05
0.000357567
0.00171345
0.000520509
0.0370068
0.0013186
0.000136176
0.000396443
0.00363405
0.00275442
0.00235116
0.018102
0.00108992
0.000802636
0.00443587
0.000863629
2.73404e-06
0.000513026
0.00436197
2.55052e-05
0.0839747
0.000646602
0.00940068
0.0221215
0.0218549
0.012393
0.00896556
0.000141622
0.00150985
2.94743e-05
0.000885085
0.00159467
0.00363455
2.80711e-06
0.016098
0.0205423
0.000642281
0.000176348
8.46623e-05
0.000165696
0.0133641
0.000267441
0.00913024
8.25738e-05
0.000133936
6.20769e-05
2.2309e-06
0.000193953
0.00448727
2.80042e-05
2.20499e-06
0.00407482
0.0157131
0.000444117
0.0193748
0.040939
0.00241964
2.34802e-06
8.21532e-06
0.000250899
0.00238787
5.19091e-05
2.76473e-05
2.7524e-05
9.26396e-06
0.00107847
0.0174273
0.000523234
0.00246738
0.000339353
5.08717e-05
4.88299e-06
4.26936e-05
0.00331321
0.0530006
0.000365264
5.94618e-06
0.00235857
0.00563225
0.000378049
0.00195464
0.000290667
0.000527082
0.00876697
0.000661106
0.000101472
0.000525038
0.000766084
0.000131555
3.15257e-06
0.000423111
1.09446e-05
4.65313e-06
0.00177733
0.000429158
0.000618384
9.65987e-08
1.11855e-06
0.00521391
0.00369445
4.85027e-05
0.000198676
0.000376458
0.00111787
0.0145212
0.000122789
8.63952e-05
0.012982
3.05649e-06
0.0107412
0.065008
0.000517769
3.6777e-08
0.000407986
0.000122179
3.91608e-05
3.90575e-06
2.20441e-06
7.74521e-06
2.34779e-06
2.57985e-06
0.000192298
0.0447079
8.06231e-06
0.00133766
0.00210964
0.00479814
0.0185633
0.0183921
0.000396932
0.00241204
3.1108e-05
0.000105006
0.0152762
0.000679314
0.0159753
3.06521e-05
0.0475385
0.000148364
0.0206576
5.44186e-06
8.68275e-08
0.0373402
0.0138502
0.000670016
0.000118474
0.00109364
0.0007092
0.000144753
0.000904581
0.0167768
3.77132e-06
0.0403943
6.63407e-05
1.59174e-06
0.000361056
6.69549e-05
0.00660533
0.00208412
0.0140878
0.000162092
0.00092707
0.0339704
7.50353e-05
0.000329494
0.0277235
0.0017232
7.29501e-05
0.00135509
0.00013112
0.0239496
0.049198
0.00339708
3.64909e-06
0.000306199
0.000939552
1.89855e-05
0.0499231
0.0133678
0.00410103
3.01339e-06
0.0066334
0.0185854
0.0014332
0.000472072
0.000340187
0.0100151
0.0201837
0.000372693
0.04573
0.0199476
0.000605719
0.00119717
0.000625042
0.0328001
0.00721958
0.000269059
0.000284227
0.0293054
6.06352e-05
2.80621e-05
0.0561782
0.00194705
0.00992589
0.00359107
0.0205781
0.000757068
1.46401e-05
0.000241609
0.000178891
0.00805747
0.00713754
0.000633133
4.78274e-06
0.000511762
1.01913e-05
0.000154154
0.000235341
0.000328198
0.000437008
9.30496e-05
0.0143885
0.000961403
0.000130387
0.000297681
1.22924e-06
1.16696e-06
1.54178e-05
0.000589306
0.00139738
2.0023e-07
3.35887e-07
0.00854648
0.000263472
0.0011509
0.000454387
3.74413e-07
0.00695949
6.06441e-06
0.000642388
9.88746e-06
6.01828e-05
1.1146e-06
5.29023e-07
2.81461e-07
1.53514e-06
1.49897e-06
0.00100668
0.0118265
0.0378765
0.0146524
0.00174645
0.0110843
0.0113422
6.29101e-07
3.6541e-06
4.46386e-06
7.78937e-07
0.000602091
0.00403708
0.00891539
4.94142e-07
0.000304978
4.76925e-06
0.00103612
0.0484954
0.00605897
0.00297018
0.000287538
0.0518898
0.00157177
0.0330229
0.00130708
0.000171482
3.4858e-05
0.00399558
0.00220289
0.00361154
0.0576583
5.52921e-09
7.12309e-07
0.00045296
0.000467479
0.000286178
0.000666698
3.17439e-07
0.0011931
3.41129e-06
0.00206087
0.000163277
0.000131997
1.99228e-05
2.23086e-05
2.03849e-07
0.00241908
0.000670882
1.64456e-05
0.000118759
2.43914e-05
0.000242161
4.11711e-08
5.8166e-05
2.29315e-06
0.00764328
0.00109994
0.00505978
0.00044231
0.00144596
0.000255297
0.00101548
0.0392379
0.00825231
0.000761343
0.00093453
0.000297637
0.0526729
0.000992325
1.64319e-05
4.53605e-06
0.000142387
0.0296991
3.16983e-06
0.012392
0.000528328
5.26376e-05
5.29041e-05
0.00080571
2.12418e-05
0.00170129
3.0216e-05
0.000365499
0.0163404
0.000241973
6.51227e-05
0.0272794
0.000536066
0.0630049
0.00130461
6.20002e-05
0.0151648
0.00017262
0.00147053
0.00280869
0.000388889
0.000185122
0.000401994
2.66866e-05
8.90387e-05
0.000519636
0.00170525
0.000503053
0.000810568
0.0287852
0.00256931
1.90359e-06
0.00283958
0.000360236
1.25975e-06
0.000136401
0.000229596
2.45253e-06
3.1298e-07
0.000907734
3.76108e-05
2.37963e-05
2.25838e-06
0.0222754
0.00954952
3.64888e-06
4.22798e-06
0.00429318
0.00102736
1.46466e-05
2.57509e-07
0.000382001
3.00624e-06
0.00182098
0.000226714
3.98099e-06
0.000221947
5.44842e-07
0.000407087
6.58771e-06
7.4635e-06
0.000788291
0.000523323
0.00121371
1.28826e-05
4.07954e-07
0.000467125
2.45582e-07
7.20576e-06
5.70438e-05
2.08536e-06
0.000551841
1.15078e-06
4.51215e-07
2.75955e-07
1.43284e-06
3.86928e-05
7.49173e-06
0.00849456
0.00205884
1.25878e-06
1.24591e-07
4.49464e-06
0.000190082
4.77542e-05
2.13559e-06
2.64435e-06
0.000197563
0.00320926
3.62501e-05
0.000286831
0.00087837
0.0393844
0.00013845
0.00027175
7.35124e-07
1.05797e-08
1.28189e-06
3.79935e-07
0.000597432
3.69085e-05
0.000166135
0.0306906
9.65587e-07
1.03682e-08
2.17652e-05
0.00809791
0.0210986
0.000226126
0.000384773
0.000111285
8.57203e-05
0.00541191
0.000208275
0.0268344
0.00573368
0.0112231
0.0742623
2.19232e-06
1.95117e-05
0.000203734
3.37655e-05
0.0695956
0.0307663
0.00638817
0.000687894
0.000613945
0.000731194
0.0340211
0.000142369
0.000887013
0.000483302
0.00278883
0.0291916
0.000205679
0.000689145
0.00227152
0.000768052
0.000142203
0.000183101
0.00145491
0.0116007
0.00115679
2.96685e-07
0.00218622
4.82513e-05
0.000211088
8.52971e-05
0.00128252
0.000706586
5.94137e-05
0.00120017
0.000796626
0.00165748
1.88515e-05
9.99715e-06
4.81338e-05
4.77563e-05
1.20814e-05
0.000194476
0.00064418
0.00281579
4.37021e-06
0.000650171
0.0198342
0.00126884
2.05087e-05
4.73568e-07
0.000875543
0.0707397
0.00228966
0.0004711
0.0116198
0.0316217
2.18914e-07
6.45214e-07
0.000550707
0.00168674
5.0578e-05
4.23258e-07
4.86034e-06
4.08044e-06
0.00127864
0.000118372
0.00256963
0.00143991
0.00331254
4.28464e-06
1.05497e-06
1.12422e-05
5.51814e-07
0.0473914
8.12764e-05
4.21323e-07
0.00106705
4.7496e-05
0.000272936
0.0302902
0.0362072
7.78057e-06
5.47777e-06
8.13976e-05
0.00381021
0.00132977
4.3191e-05
3.57185e-06
0.00422309
6.5065e-05
0.000423764
0.00443823
0.0381666
0.000424901
0.000613086
0.00119151
8.57263e-05
0.000435287
0.00948467
0.0210538
0.0270893
0.0180475
0.00612808
0.000128708
0.000160773
0.00173068
0.00287912
0.000177444
0.000934888
0.000516146
4.86957e-05
7.22322e-05
0.000426057
0.000309745
0.000523399
0.000647843
3.01168e-05
0.0012193
0.000159311
0.000651473
0.00679016
0.00472293
2.00484e-05
0.0134373
0.0310474
0.000219546
0.00205143
0.000589167
0.00154302
0.000692608
0.00315573
1.97705e-05
0.00155311
7.91821e-06
6.10135e-06
0.000393923
0.000554811
0.0159668
0.00080664
0.000667659
1.51083e-05
7.90377e-06
0.000333169
1.5283e-05
1.35602e-06
2.33466e-05
1.00855e-05
5.9142e-06
0.000241923
2.54699e-06
7.23134e-06
3.23576e-06
6.06795e-06
1.38067e-05
2.97402e-05
3.21714e-05
4.194e-05
5.61281e-05
0.000359583
0.000516527
1.11559e-06
3.64382e-06
2.65822e-06
1.02225e-05
0.00766221
1.63964e-05
4.22265e-06
0.000485965
0.0165387
6.71217e-06
1.95054e-06
0.000194822
0.000280908
4.14881e-06
0.0027073
0.000559509
0.000369127
0.00165031
0.032875
0.000459194
0.000799267
7.70281e-05
0.000617923
0.000500005
6.03813e-05
0.000182739
3.26392e-05
5.1536e-06
0.000148091
0.000180917
0.00109238
0.00163186
4.24661e-05
0.02313
0.000471102
0.000317363
0.0312358
1.465e-06
0.0144581
0.0530695
0.0108757
0.00455264
0.00450626
0.00477797
0.000262613
0.0345603
0.001174
7.7313e-05
2.46642e-06
2.43556e-07
0.000689202
0.000940552
0.000819385
4.46913e-06
0.00147746
0.00106422
0.000741217
2.62076e-06
1.46066e-06
0.00244802
0.000147384
5.3002e-07
1.37828e-06
3.79543e-06
3.01917e-06
0.000263866
2.7054e-06
0.000136539
0.00183024
0.000546725
0.0141393
0.000158428
0.000250483
1.84322e-05
0.000713389
2.12166e-06
0.0105026
5.07506e-07
0.0299385
0.00102399
0.000393488
7.33406e-05
0.000211617
5.02668e-05
9.74262e-05
0.000241614
3.33134e-05
0.000767154
0.000981816
0.00137485
7.32016e-05
0.000925283
3.16338e-05
4.06594e-05
2.40158e-05
0.000749267
2.35927e-05
6.85734e-05
0.00228875
4.84528e-06
0.000183365
1.9363e-05
0.00162091
2.56675e-05
1.77628e-06
5.26155e-05
8.40699e-05
9.69254e-05
5.28243e-06
2.10611e-06
0.000396727
0.0110136
0.000103856
9.75182e-05
0.000157213
0.000234896
0.00207966
0.00052956
0.00310286
0.0212988
1.31669e-05
0.000909467
0.0152338
0.000607266
0.00058693
0.00169491
0.000542864
0.047542
0.0135757
0.00223711
0.000418932
0.000481497
0.00087418
0.000216659
0.036736
1.51072e-05
0.000405396
0.00215282
0.0456677
0.00264699
0.000129015
1.3991e-06
1.67051e-05
6.21083e-06
2.43346e-08
4.26644e-07
1.09037e-05
2.10487e-07
7.30726e-07
1.17767e-05
2.19433e-06
3.19676e-06
0.000223929
0.000169349
9.06785e-06
0.00015392
0.000194158
0.000138667
9.60772e-06
2.21847e-06
1.98779e-05
0.000206312
8.04289e-06
7.82688e-06
7.15238e-05
0.0011493
1.22059e-05
9.02989e-05
5.26727e-05
0.000871953
0.000167385
0.0358104
0.00134687
0.000283222
0.000150927
0.000372382
0.000208872
0.0021303
6.5136e-05
0.000879013
0.00193636
0.0168505
0.0051685
0.00033075
5.96604e-07
1.12654e-05
4.6938e-07
0.000952777
0.000128019
5.90302e-06
0.00828228
0.000368982
2.34558e-07
1.20369e-08
6.7806e-06
1.56679e-06
0.00404235
5.16321e-09
0.0332348
3.57688e-07
1.03055e-06
0.000136878
0.0015143
1.71944e-06
3.04041e-05
0.000706474
0.000372076
5.4908e-06
0.000923797
0.0365239
0.0171999
6.26779e-05
0.000253926
5.75021e-08
3.92222e-07
1.26912e-06
1.6824e-08
4.85794e-05
0.00209709
0.00188582
8.89108e-05
4.96299e-06
1.18742e-07
0.0483712
1.97841e-05
0.00433432
1.84058e-05
0.00038221
0.000222563
0.000210741
0.0220996
0.000289772
0.0591745
0.000874495
4.97975e-05
0.00172936
0.000130491
0.00076629
0.000555532
0.00116478
0.0651874
0.0152574
0.00466243
0.000209916
0.000456899
0.00325482
1.23573e-06
0.000313307
0.00213955
3.86451e-07
6.751e-05
0.000746361
0.00320929
2.43191e-06
0.000206107
1.77385e-06
0.018071
5.58475e-06
7.70827e-07
4.36883e-07
2.16403e-08
2.88092e-07
5.25858e-07
5.77297e-06
0.00171374
0.000288449
0.00425253
5.71321e-07
2.75623e-06
0.000136238
0.000250571
0.00343762
1.25267e-05
0.000127887
0.0269857
0.00167114
0.000200393
8.32294e-05
4.12198e-06
1.47506e-05
0.0338182
2.60881e-05
0.000764448
9.26742e-05
0.00107637
0.000632017
6.01645e-05
0.00781228
0.00326079
5.95405e-06
1.65402e-06
0.00401266
3.09811e-07
0.000385583
0.00119673
0.00379951
0.0362312
0.0870171
0.00636048
0.00176405
0.00840599
0.00058897
4.40337e-05
0.000385606
0.00150965
1.76138e-06
8.86372e-06
4.44116e-06
3.23404e-09
1.01222e-06
6.80136e-06
0.00204065
0.000207656
0.00505037
0.000392183
1.27957e-05
4.42847e-06
0.000809633
0.00464976
0.00111633
0.00499078
0.000282381
0.000264177
0.00856562
0.0205018
0.000393163
0.00023556
1.03625e-05
6.98417e-05
3.37074e-05
6.74573e-05
0.000679391
1.89876e-05
0.017494
0.000146865
0.000526097
0.00155436
0.0308369
0.0105092
0.0141884
6.43847e-05
0.000242674
0.000607843
0.000845834
0.000945864
0.00122375
0.0197788
0.00632174
0.0493254
0.000392402
5.54343e-06
0.000225508
0.000206535
0.00175356
0.000514515
0.00162048
0.0405133
0.00103232
0.00257926
0.00161868
0.00730281
1.40073e-05
0.000638294
0.00100673
0.00255301
0.00104814
0.000817003
0.000347334
0.0016336
0.00128183
0.0128796
0.0187261
3.21982e-06
3.07057e-06
0.000598638
3.14979e-06
0.0316057
0.00633041
0.00192949
0.000655093
1.13223e-05
1.42709e-05
0.00458415
0.0536595
0.00102548
0.000655296
0.000974995
0.011507
0.0013214
0.00305804
0.0411278
0.00154227
0.00317493
4.78066e-05
0.000242996
0.040366
0.0155492
2.45041e-06
2.27839e-06
5.93891e-05
0.040313
0.00585354
0.000895891
0.00103868
5.40934e-05
0.000625609
9.14544e-06
1.36073e-05
0.00225971
0.00614011
0.0128023
0.0175845
8.23353e-06
0.00678229
0.00231483
6.83178e-07
0.00292592
1.60183e-06
0.000190213
0.000574896
0.000337193
0.00972098
2.87451e-05
0.010651
0.000288071
0.0130605
0.00102259
0.00113452
7.78333e-05
0.000878742
0.000325012
0.000396746
0.00519479
0.000189385
0.000967435
0.000199671
0.00571119
0.0273774
0.000389999
0.000572423
0.000373819
0.00159755
0.00195458
0.00289647
0.00132266
0.000734704
0.0422268
2.94493e-05
0.00054276
0.000111509
0.000719966
0.0108517
0.00194374
0.00394566
0.000227339
3.49568e-06
1.52764e-05
9.25839e-05
0.00011403
0.0017441
0.00949366
0.00149126
0.00153138
9.66386e-05
0.000274995
0.00330178
3.71687e-05
0.00592686
6.82046e-05
5.9212e-06
0.000846323
4.13414e-05
0.00129195
0.0598767
2.31406e-05
0.000468062
2.83511e-06
1.95207e-06
0.00105866
0.00276537
0.000631819
0.00131764
0.00035506
0.000232206
0.000486009
0.000450438
2.92816e-06
1.5518e-06
1.2954e-06
0.0246949
0.000323721
0.00731501
0.0119537
8.14189e-05
0.000330559
0.00224605
0.0210454
0.00452677
0.000732566
0.000281271
0.000831389
0.00279611
0.000327504
0.000655913
0.00149819
1.48299e-05
0.00456846
0.0156354
0.00565264
0.000972331
0.00207635
0.000513746
0.0507652
0.0452401
0.00085518
0.00145084
0.000132927
0.0378182
0.0284119
0.00077633
1.79992e-05
0.000262081
0.000211015
0.000123166
3.5838e-05
0.000280293
0.000181377
0.000158268
0.000371316
0.0253724
2.45426e-05
5.73632e-06
0.00192312
0.00123457
0.00113466
0.000291251
0.000531723
0.0126916
0.0457996
0.000132988
2.37023e-06
0.0153533
0.000997789
0.000261255
0.00901171
0.000166176
0.000490653
9.20308e-06
0.00186687
0.00718184
1.73689e-05
0.00480952
0.0237814
3.59419e-06
2.63222e-06
1.74985e-06
0.000384687
0.00292209
1.79107e-05
0.000198134
5.61287e-07
0.00217738
7.47925e-06
0.000639628
0.00212797
0.00294203
0.0203019
1.79574e-05
0.00323973
0.0160985
1.58162e-05
6.8798e-06
3.28069e-06
5.61819e-07
0.000290292
0.00144151
0.0135639
0.000347117
5.21556e-06
1.86071e-06
0.00011851
7.22894e-05
0.011372
0.000159062
6.32965e-07
7.82945e-05
0.000265643
0.000291103
6.75389e-06
0.000365618
0.000585824
0.00039739
0.0335783
0.000429355
0.00038092
0.0418183
0.000565009
2.22046e-05
0.0184212
0.000100332
0.00291268
0.00203902
0.00064486
0.000787174
0.000371413
0.0162378
0.000124396
0.00439853
0.0468131
0.0327677
0.00287427
0.000420863
1.28926e-05
0.00314567
0.00961834
0.000270591
0.000275828
0.00195038
0.00218433
0.000676996
9.86551e-06
0.0004515
7.11337e-06
8.26517e-05
0.0017938
0.000667408
9.76274e-06
0.0149162
0.000136861
0.000201932
1.50839e-06
5.42549e-06
0.00476317
2.83997e-06
0.00141517
2.23569e-08
0.0018053
0.0387687
0.00166935
0.000628957
0.0114214
0.00169443
4.84923e-05
0.000109219
0.000776468
2.79695e-06
0.000177581
0.0185313
0.0278084
0.000422209
0.00877211
1.95108e-05
0.0059389
0.0013823
0.031735
0.00572853
0.0269801
0.00181883
0.000145676
2.66879e-06
0.00227103
4.72678e-05
4.18732e-06
0.00438692
0.00143808
0.0131224
0.000618591
0.00362332
0.000581336
0.0084192
0.000445452
3.7406e-05
5.22633e-06
0.000207076
0.000143403
0.00113263
0.000442446
2.92023e-06
0.00335809
0.000791564
0.0166025
0.00396299
4.92377e-06
0.00221979
0.000873796
0.000391781
0.000485332
0.0070046
6.68341e-05
0.000159688
0.000829243
0.000281141
0.00102671
0.00122056
0.00917528
0.00241222
0.00300944
0.000714324
0.00377682
0.00119833
0.000250854
4.22159e-05
1.75409e-05
0.000181282
9.98391e-05
0.0113715
0.00205779
0.0117075
0.00317029
0.000369207
0.00632429
6.66328e-06
0.000470289
4.51831e-05
0.000806692
0.000270976
0.000159384
0.000167723
0.0249362
1.05997e-05
1.03777e-05
9.20397e-05
2.02441e-05
0.000242053
0.00233239
3.45491e-05
0.00043133
0.0377581
0.0170424
1.03056e-05
2.92349e-06
7.66452e-07
0.000144566
0.0034686
1.98848e-06
1.04173e-05
3.1507e-05
0.00205711
0.000227435
8.19253e-05
5.29762e-07
0.00682785
0.00642799
1.93456e-06
6.55283e-09
0.000994058
0.00192124
4.41322e-06
0.0026911
0.000271351
0.000109406
0.000192338
3.45213e-06
0.0174894
0.0315551
0.00921908
0.00251863
0.00254685
0.00226893
0.00183829
0.00236273
0.00122175
4.7836e-06
0.000439386
0.000709089
5.6066e-07
0.00131036
0.0106117
0.00227503
0.000256244
0.000353046
0.026733
0.0199061
5.08942e-05
0.00282938
0.013057
0.00188724
0.00984495
4.85016e-05
0.00525927
9.27078e-06
0.00202123
0.0010537
0.000154505
0.00113593
0.00131308
0.000146732
0.000221645
0.000138238
0.06327
0.00103755
0.0307408
0.000557365
0.00024238
0.000223017
4.46115e-05
0.000258704
0.00190785
0.013879
7.68912e-05
0.000861947
0.0397578
3.18962e-06
0.00772536
0.00114002
3.85068e-07
1.81527e-06
0.000224747
9.35431e-06
8.71519e-05
5.80777e-05
0.00188067
2.73631e-07
0.000206726
1.7918e-06
0.00240291
0.00375845
1.34384e-05
1.66078e-05
1.37854e-07
2.60026e-06
1.13867e-06
0.000428806
3.15886e-05
0.0740953
0.00165603
0.000380099
0.000663886
0.000258528
6.42413e-05
1.97985e-06
0.0472911
0.0296887
0.000147344
2.01986e-05
0.000464576
7.13612e-06
0.0431739
0.000227468
0.00117842
3.1217e-05
0.00209067
0.000248202
0.00251483
0.0460516
0.00529044
0.0322962
0.000293931
0.000568813
9.29855e-06
0.000442928
0.000225662
0.000775487
1.5158e-06
7.95126e-05
7.0431e-09
0.000811503
0.00196373
9.85213e-06
0.000393247
1.57771e-05
6.21595e-06
0.000673168
0.00140519
6.4493e-05
0.000617586
0.00087277
0.000262109
0.000124565
8.28858e-05
0.000238508
6.21348e-05
0.000532784
1.87918e-05
0.000488294
0.000983877
0.0003862
1.18992e-06
1.69052e-06
0.00173055
7.54955e-06
2.41805e-05
2.7324e-06
0.0202723
0.0010042
1.09901e-05
0.000828194
0.000365749
0.0401535
1.22403e-05
6.22641e-06
9.11848e-05
0.000106347
0.000393359
0.000394498
0.00142256
0.00592256
0.00327977
0.0340562
0.0323521
0.00362317
0.000193115
3.92931e-06
0.000525588
0.000874097
0.000644396
0.000710532
1.30735e-05
1.6705e-05
0.00484045
0.000482911
1.18139e-05
5.64365e-06
0.00647928
0.000510225
6.66214e-06
9.64628e-06
0.00249195
0.0343811
0.00153866
0.0368857
0.00103447
0.00685101
0.000340351
0.00111866
0.00447036
0.00415772
0.00891939
2.97577e-06
0.0366245
0.000155796
0.000698347
0.00194758
0.000540409
0.00054221
0.0430685
0.00244611
0.000934295
0.0569112
0.00158177
0.00248829
9.88729e-06
8.99223e-05
3.87618e-05
0.021777
0.000136351
5.25616e-05
0.000439897
0.000892206
0.000250595
0.00113713
0.000231008
0.00124225
3.07828e-05
0.000191335
0.000130332
0.000131071
0.00056209
8.62514e-05
0.000382918
0.000286251
3.60074e-05
1.82954e-06
0.00107058
0.0001211
0.00140643
0.000620425
1.3444e-06
0.000141899
0.000504541
6.58968e-06
0.0131205
3.12043e-06
0.000147359
0.0203306
0.00384357
0.00299599
0.0607758
0.00517977
5.56884e-06
1.86972e-05
6.51757e-07
5.39587e-06
2.56357e-07
2.17827e-06
0.000121509
0.000674676
1.17022e-08
0.00702196
3.13447e-06
0.000818431
0.0157551
0.0156047
0.00236214
0.00079412
0.000367084
0.00110416
1.28998e-05
0.000120897
8.95821e-06
0.00111904
7.61885e-07
0.0318767
0.00835755
0.00184433
9.2618e-06
0.00214699
0.000250162
0.00909629
0.000739193
0.0616889
0.000728469
0.00314685
0.0944024
0.000559155
0.000270753
0.000565227
0.00164552
0.00320186
0.000429075
0.00125591
0.00100186
0.0333231
0.000325455
0.0150691
0.0045494
2.41952e-05
0.000487586
3.52389e-06
0.00373046
2.32379e-07
4.01978e-05
6.29316e-05
0.000134129
8.47459e-06
5.11387e-05
0.00013505
0.000239257
0.000740704
2.81043e-07
0.000155115
0.000447559
0.0505528
5.56785e-06
0.000207603
1.96163e-06
0.00152666
7.16229e-07
0.00100641
1.36866e-06
1.40487e-06
0.00126309
0.00342942
0.00452329
0.0023582
0.000192426
2.99574e-06
0.00221936
7.78565e-06
2.71226e-09
2.58927e-07
1.74656e-06
0.00139866
1.06453e-05
1.37372e-05
0.0023601
0.0160758
0.000235688
0.000363194
1.8688e-06
3.08644e-07
2.09139e-05
0.0120119
0.0465122
0.000108159
0.00177121
0.000462307
1.72129e-05
0.0114384
0.000408385
3.54655e-05
0.000124508
6.26271e-06
0.000439532
2.93446e-05
2.30687e-05
1.78862e-06
0.000923001
0.000505778
0.000990901
7.58068e-05
1.14274e-05
2.2985e-05
3.01982e-05
3.02145e-06
7.17955e-06
1.06801e-05
1.50056e-07
0.000287922
0.000110874
1.59416e-05
4.43532e-06
0.0379009
0.0614823
7.1547e-07
0.00587614
0.000381655
0.000150086
0.000940758
1.68269e-05
0.000586963
0.00159963
8.17901e-06
0.00132023
1.02248e-05
0.0317666
0.00331638
0.0686394
0.000307182
0.0212239
1.31431e-05
0.00124589
0.000240354
2.32076e-05
0.000449205
0.000121885
0.000175131
0.000175405
0.000551208
0.00174668
0.000450038
0.000564085
5.83735e-06
7.23989e-06
1.79281e-06
1.13334e-05
1.04364e-05
0.00993221
0.000162937
4.98774e-05
5.32861e-05
1.40491e-06
1.04212e-05
4.94338e-05
0.00942704
0.000308796
0.000811902
0.000715023
0.000525006
2.00572e-05
0.000158712
5.3663e-05
0.000206557
4.5024e-05
1.10052e-05
0.000220157
0.000626293
1.12508e-06
3.75837e-05
0.000173536
3.58984e-06
0.0187654
0.00041147
0.000106556
0.0370097
5.23973e-06
0.000503574
2.67487e-05
6.2981e-06
0.000111039
8.09883e-05
0.000770835
4.05601e-05
0.00142007
0.0251918
3.96636e-07
0.000102206
0.000744208
0.000185732
0.0205651
0.00730149
0.000655951
0.0506861
0.0117713
0.00541082
0.000205013
0.000265089
0.00226398
0.000505469
0.000113623
1.24041e-07
6.99999e-06
2.07595e-07
0.00171304
1.73995e-07
0.000428831
0.000429045
0.00133601
9.81421e-06
0.000772809
1.97507e-05
1.26433e-05
0.000285722
0.000211608
1.5219e-05
0.000370804
0.000568222
0.000870098
7.55563e-07
0.0230978
1.67071e-06
0.000129687
0.0115115
0.000208149
3.91385e-05
0.0168101
0.030645
0.0396912
0.000303652
1.62019e-05
1.90217e-07
0.000257909
8.35766e-07
0.000119342
1.48401e-06
0.00235882
0.00302591
0.000805226
0.000486426
0.00705569
1.65457e-05
0.000116065
0.00031191
0.000842699
4.38448e-05
0.00141423
0.0659559
0.0143022
9.33542e-06
0.00167204
0.00106353
3.27806e-05
4.43045e-06
0.00370602
0.000201733
3.11975e-07
0.00275217
5.15765e-05
3.39767e-05
1.37657e-06
0.0114117
0.000331317
0.00355003
0.00908024
0.0425565
0.00010409
3.13058e-06
0.00649204
0.000175397
0.000182151
0.0156007
0.00286192
0.00121438
0.000290906
0.0215686
0.000971238
0.000848756
0.000214112
0.00105969
0.0185035
0.000419616
0.000508027
0.0425677
0.00262002
2.47576e-05
0.000372729
0.0210256
9.72107e-05
2.39886e-06
7.0915e-05
5.36334e-05
2.27852e-05
0.00158229
0.050665
8.00503e-05
2.30734e-05
5.19957e-08
0.00116374
0.000240351
0.00759344
0.00874259
0.0554494
6.51185e-07
2.21297e-05
0.0105167
3.24136e-07
0.000868902
0.00242842
2.88437e-06
2.85091e-05
1.07551e-05
4.12464e-06
0.0149684
0.0235068
0.00132141
0.000869633
0.00203109
2.5982e-06
7.18302e-05
2.12996e-05
0.00412398
0.00187812
0.0382836
0.00155703
3.98701e-05
0.00555192
0.000110055
0.000888637
0.000641994
0.000419393
4.31986e-06
0.00172894
0.0361148
2.01721e-05
1.25466e-07
0.00211666
0.00756166
2.37051e-06
0.0120484
0.00307007
0.000759714
0.000384543
1.19323e-06
0.000204668
2.71845e-05
0.047542
7.50251e-07
0.000128344
0.00195645
2.50507e-06
0.0147549
1.846e-06
3.42866e-06
9.07256e-06
0.000141115
2.50629e-07
0.000359634
0.00193768
0.00130281
0.027393
0.0360016
1.19755e-05
0.00937248
0.00105134
0.00489214
0.0216024
0.00146742
0.000915865
0.00082427
0.000200702
0.00155003
0.00032312
0.000439014
0.0039736
0.000592901
0.0710082
0.00229834
0.0556521
0.00475228
0.00637486
5.23032e-06
0.000343976
0.000424267
0.0183117
0.000412341
0.0100198
1.38437e-05
0.00286125
0.0140449
0.0155609
0.000474025
0.0183815
0.00896877
0.0252999
1.14497e-06
0.000416761
0.000311527
8.12728e-07
4.76552e-05
0.0208471
2.45415e-06
1.31495e-05
0.000657602
0.0117967
0.0279203
0.00929406
0.0103507
3.59005e-05
0.00128395
0.000517272
0.00512174
0.00224432
3.55578e-05
0.000520338
0.0126239
0.00832359
0.0124348
0.000559902
0.000432705
0.000261166
0.0236984
1.02848e-05
0.00085361
0.00135209
0.000265346
0.0243824
0.000785203
0.000224743
0.000443478
0.0171102
0.00860559
0.000272946
0.00416514
0.00489452
0.000996282
0.000172181
0.000512708
0.00147828
4.12467e-05
1.12776e-06
0.000942378
0.000504896
0.000491566
0.00124425
0.0239885
0.000824181
0.000761169
0.000322965
2.03625e-07
0.000745525
6.25179e-07
4.65999e-06
0.000716041
0.00253446
0.000117433
0.0148226
0.00722293
0.0151545
0.00171419
0.0147049
0.00160084
7.26292e-05
0.0021146
0.00173371
5.64605e-06
0.0119184
0.00976374
0.00501152
0.00882868
0.00329837
0.00158085
0.0313585
0.00130643
0.000318102
0.0117989
0.000534887
0.000743059
0.000646276
0.000208088
1.11542e-05
0.000155072
0.00805509
0.00893806
0.000849952
3.7775e-05
0.000719528
0.000162088
0.00126261
0.00189697
0.00110228
0.000544402
0.000471345
0.0209336
0.000169548
0.000144146
0.0335284
0.0219012
0.0134433
0.00141943
3.03487e-06
0.0107685
0.00536173
0.0021844
5.63064e-07
5.23281e-06
0.00115436
0.0125778
0.00069474
2.09769e-06
0.00517576
0.0220394
0.000136613
0.000177648
0.0180035
0.0163925
4.47834e-05
2.30869e-06
0.000924566
9.20825e-05
2.45614e-05
0.000227818
0.000186522
0.0523379
0.0141838
0.004083
0.00574482
0.0034772
0.00021994
0.0135699
0.00167954
0.000833
1.93003e-05
0.000907192
0.00133633
0.000906322
0.000264396
0.0376337
0.000163844
6.70521e-05
4.92369e-06
0.00227205
1.25047e-05
9.0117e-05
4.45137e-06
1.76149e-06
4.70025e-06
0.000760993
0.043099
3.40924e-05
2.57241e-05
9.10716e-07
0.00315815
3.49527e-05
0.00201435
1.33673e-05
5.02803e-06
7.08998e-06
0.0219286
1.39366e-05
0.0089971
0.00448427
0.000296673
0.00195209
0.000334421
3.11756e-06
0.0241483
0.0348681
0.000714602
0.0411211
0.0041224
0.000922084
0.0406576
0.00100382
0.00218544
1.07458e-05
3.15573e-06
8.69757e-05
0.0473276
0.00338372
0.00225836
0.0405134
0.0146201
0.000696779
0.00350488
0.000259392
0.02946
2.82314e-05
1.46661e-06
0.000355648
1.97508e-06
0.000770682
6.38507e-07
0.0018784
4.15958e-06
9.64164e-06
1.07998e-06
0.0333358
0.000571037
0.0645654
0.000267026
1.09692e-05
0.0046983
0.00700449
0.000129754
1.30091e-05
0.0209734
0.00207439
0.000543562
1.08476e-07
0.00139202
0.000422723
0.00263772
0.0500625
0.000143414
9.69043e-06
0.00023863
8.25153e-05
0.00164392
0.00074997
1.43408e-05
0.0117171
4.30161e-05
1.26632e-06
0.000224787
0.00103684
0.000600247
0.00162622
0.00155914
0.000160576
0.000290237
0.000858516
0.0127007
0.0117908
0.0303106
0.000250088
0.00133608
0.0327527
0.00533949
1.0493e-06
0.000446055
1.35452e-06
9.2847e-05
0.000106732
4.62556e-05
1.23965e-05
0.03561
0.0255236
8.14919e-05
0.000334977
0.00211322
0.00802124
0.0109137
0.000800252
0.000297228
0.0351125
1.09441e-05
0.00331148
0.000117942
0.000400955
2.54765e-06
6.04829e-08
1.93493e-06
0.000648733
2.15074e-06
9.86716e-07
2.76467e-05
0.0166422
0.0594032
0.000308136
0.0142572
0.00852664
0.00141805
0.00124603
4.52258e-05
0.00278449
0.00165617
0.0003235
0.060921
0.000475631
0.0013448
0.000198384
0.00269709
0.0020058
0.0331435
9.96302e-05
5.41085e-07
1.1209e-05
0.0872258
0.0117928
7.60304e-06
0.000201083
0.000878276
2.61332e-05
3.37037e-05
0.00110212
0.0108288
0.000145038
5.76796e-05
6.34659e-06
4.17381e-06
0.000217411
0.000583375
3.37325e-05
9.46848e-05
0.000531387
5.61667e-05
0.000109767
0.000501041
1.975e-06
9.42403e-06
1.09411e-06
0.012735
0.0023463
0.00717385
0.000402851
0.000147659
0.000321927
0.00171188
0.000983845
5.08958e-05
4.70589e-05
0.0121025
0.000608492
0.000592956
0.0054746
0.00158459
0.000459204
0.00165827
0.000716616
1.75123e-06
0.000163888
3.47415e-05
1.54563e-05
0.000104592
0.000299003
0.00324884
0.000318118
0.0503751
0.00683381
0.00010527
0.0152975
6.50453e-05
0.000292872
8.58824e-05
0.00126659
0.00523902
5.48398e-08
0.00307273
0.000257099
0.0002071
0.000665521
5.3412e-05
1.25763e-06
0.00023828
0.00373126
0.00229318
0.0161331
2.05638e-05
0.00583593
0.00519984
0.00444958
0.000470012
0.000375207
0.0121017
2.17073e-05
0.000786295
0.00356584
1.40458e-06
0.000971195
0.0163918
3.20714e-07
0.00139418
0.0282718
3.84512e-06
0.000158515
3.86593e-07
0.00719096
3.15329e-06
0.0478108
3.12586e-05
0.000645885
0.000443452
0.000943039
0.000585504
0.000853265
0.000613501
3.02162e-05
0.00470054
0.00115672
0.0207961
0.00027495
0.000466013
0.000174543
0.0126014
0.000449724
1.74378e-06
0.023267
6.09355e-05
0.000260528
0.0255988
0.00584438
0.00262593
4.72178e-08
1.25589e-07
0.0209706
0.00162087
0.0149739
9.35846e-07
0.000223455
3.58182e-05
5.57441e-06
0.00506355
0.000866528
0.00087562
0.0388267
0.00490221
0.0328068
7.77398e-05
0.00950597
0.00273707
0.0011471
0.000257252
0.0103988
0.000628073
5.32259e-06
0.000862795
0.00791658
1.03635e-05
1.21822e-05
0.0194884
0.000912266
0.0361529
0.00702657
0.0124762
0.011802
0.000209911
0.0001641
0.00026628
0.000756086
0.00104519
0.00123014
0.00126511
0.0132642
0.00285267
4.50813e-05
0.000516931
0.0214961
0.00107954
0.0270425
0.0319889
0.0256053
0.0274911
0.000118466
0.000828231
0.000305007
0.00176413
0.00169989
0.00506806
0.0110521
0.125101
0.0118642
0.0333605
0.000240915
0.000607796
1.20385e-05
0.0186056
6.09164e-06
0.000622001
0.00146975
0.000231118
2.91412e-06
0.00143951
0.0299748
0.000126819
0.00602307
0.00805645
0.0292491
0.00264997
3.66169e-05
0.00172859
0.0367652
0.000637712
0.00131317
0.000350303
0.00015946
9.25624e-06
0.000669861
0.0238087
0.000540148
0.00065539
0.000139944
0.000843714
0.0350067
0.00230472
0.00114536
0.00137256
0.00103065
0.00108785
2.54163e-06
5.28896e-06
0.00265082
0.00433544
1.18266e-05
0.00174545
1.39711e-05
0.000774831
0.00626168
6.68159e-05
0.00160818
0.0451598
0.000360531
4.38978e-05
6.52038e-06
0.000225543
1.98884e-05
0.0509583
3.51094e-05
0.0286966
0.0263525
0.00253031
2.28387e-06
0.000105808
6.81264e-05
0.00518548
2.25218e-06
0.0073197
9.31099e-06
0.0467116
0.00765335
0.000181927
0.000167548
0.000178849
0.000217997
0.000426022
0.000199588
0.0246321
0.00521009
0.0398539
0.00155609
0.0018695
9.43238e-06
0.000863875
0.000381871
0.00428028
2.87299e-06
2.43447e-06
0.0400856
0.00079618
0.0475027
1.15081e-06
0.000234851
2.78077e-08
0.0335952
9.34416e-06
0.000586058
0.00218233
0.00508244
6.12377e-06
2.91414e-06
3.75919e-07
0.000511551
0.00211364
1.87051e-05
0.0314988
0.0012079
0.000518667
0.000223616
0.000465894
0.000153753
0.00172561
0.0332815
0.000103423
0.00307124
9.6315e-06
0.000127878
7.5485e-05
0.00168757
9.18375e-05
0.00172313
0.000510567
2.06892e-06
6.17772e-05
0.000145895
0.00134881
0.000889686
0.000142852
5.50318e-05
0.00965642
4.16886e-05
0.000239621
0.000312868
0.0812319
0.00367764
0.00469873
0.000645373
0.00144995
0.000297868
0.0607133
5.66789e-07
0.0318006
0.000224981
0.00142532
0.000692971
0.0443775
0.00251996
8.34724e-05
0.0083385
0.00346771
0.00793183
0.00606609
5.06213e-05
0.0368097
0.00277517
0.0340809
0.00257799
0.0019398
0.000295032
0.000391476
0.067436
0.000206363
0.010027
0.0410421
0.00144907
0.00088286
0.0209656
0.000184162
0.0153345
0.000395726
0.0112388
0.0108414
0.0108075
0.00649991
0.00011002
2.0119e-06
0.000345514
0.0172516
1.98964e-05
0.00681972
0.000526811
0.0163743
0.000856762
0.000221789
0.0167044
0.000427739
0.0011634
1.51903e-06
2.77341e-06
0.000216632
0.00491343
0.02989
0.00136229
0.0123624
0.000383071
0.000604801
0.00125549
0.00298973
4.97567e-05
5.67508e-05
0.00130712
0.000919586
0.00983601
0.00281059
6.31162e-06
0.00019214
0.00017014
0.0246976
0.00106789
0.00846885
0.0437489
0.00590234
0.00187648
0.00028998
0.0103754
0.0135512
2.2407e-05
9.94299e-06
0.000873688
2.59976e-05
0.000244225
5.50045e-06
0.0121003
0.000331222
0.000608488
0.000352676
7.66433e-05
0.00204672
0.0189522
0.000144399
0.00232546
0.0140063
0.00429099
0.00110974
1.60761e-05
0.00104877
0.0371917
0.00023814
4.12528e-05
0.00020694
0.000206309
0.000556736
0.000191117
0.0531838
0.000375757
0.000233413
0.00198195
0.00360963
0.000860966
0.000114326
0.0106907
0.00809687
0.000751868
0.000626613
0.00646265
0.00825069
0.0120177
0.00113117
0.00356916
3.19297e-05
0.093702
0.000174822
5.53661e-05
0.0462804
0.000810659
0.000650721
0.000367563
0.0311631
0.000529812
0.000283992
0.00016424
0.00171582
0.000288203
0.000314999
0.0114862
0.0162253
0.0120789
0.000561253
0.0261296
